,ID,Name,PricePer1000,Min,Max,Description
0,1315,Instagram Views - [ Max - 50M ] [ SUPERFAST ] SUPER INSTANT,                                                                                                         $0.01                                                 ,200,100000,Instagram Views Min 100 ( Speed Upto 100k Per Day ) Best Price in the Market
1,1316,Instagram followers No refill [ FULL Drop] [ Cheapest],                                                                                                         $0.5                                                 ,1000,1000,No Refill Bot Followers Drop rate high
2,1317,Instagram Likes [ 5k/hour] [5k/hour]  [ No Refill ],                                                                                                         $0.9667                                                 ,100,20000,Instant Start 500-1000 Per hour NO REFILL!
3,1318, Instagram Views + Impressions [ Max - 1M ] [ FAST ] INSTANT,                                                                                                         $0.11                                                 ,500,100000,Superfast! Order Will Be Start Instant Per Hour Speed 1.5M! Impressions Will Come Randomly From Profile Explore Home Page Other! UNLIMITED!
4,1319,Instagram Followers [REAL- INSTANT] [Manual Refill 30 Days],                                                                                                         $4                                                 ,100,15000,INSTANT TO UPTO 0-6HRS 30 DAYS REFILL 2000 PER DAY Manual Refil - Good For Big accounts!
5,1320,Instagram Views + Impressions + Profile Visits [ MAX- 1M ] [ Natural Increase ] INSTANT ,                                                                                                         $0.13                                                 ,500,100000,Instant Min 500 Natural Views + Impressions (EXPLORE - HOME - LOCATION - PROFILE - OTHER)
6,1322,Youtube Views ( Super Fast ) Instant 20k/day - Emergency Service - Lifetime Guarantee,                                                                                                         $1.7714                                                 ,1000,100000,INSTANT START 10k-20k/day speed. Retention 15sec-3mins INSTANT START Non Drop Best Service Maximum is set to 20k - to control load of orders! You can order more after 20k is completed.
7,1289, Happy Mothers Day special🎁🎁🎁 Free Instagram Views ,                                                                                                         $0                                                 ,100,500,special offers only For Jephsmm Users 0-24hr Complete time instant Free service 
8,1473,𝗜𝗡𝗦𝗧𝗚𝗥𝗔𝗠-𝗟𝗜𝗞𝗘𝗦 𝗙𝗥𝗘𝗘 [𝗠𝗢𝗧𝗛𝗘𝗥\'𝗦 𝗗𝗔𝗬 𝗦𝗣𝗘𝗖𝗜𝗔𝗟] ,                                                                                                         $0                                                 ,10,100,Mother's Day Special Free Instagram Likes Instant-- Deducted Amount Will Be Refunded Service will last till 11May 1:30Am 1 Orders Per User Only 
9,1474,𝗜𝗡𝗦𝗧𝗚𝗥𝗔𝗠-𝗙𝗢𝗟𝗟𝗢𝗪𝗘𝗥𝗦 𝗙𝗥𝗘𝗘 [𝗠𝗢𝗧𝗛𝗘𝗥\'𝗦 𝗗𝗔𝗬 𝗦𝗣𝗘𝗖𝗜𝗔𝗟],                                                                                                         $0                                                 ,10,50,Mother's Day Special Free Instagram Views By JEPH Instant-- Deducted Amount Will Be Refunded Service will last till 11May 1:30Am 1 Orders Per User Only 
10,1475,𝗬𝗢𝗨𝗧𝗨𝗕𝗘-𝗦𝗨𝗕𝗦𝗖𝗥𝗜𝗕𝗘𝗥𝗦 𝗙𝗥𝗘𝗘 [𝗠𝗢𝗧𝗛𝗘𝗥\'𝗦 𝗗𝗔𝗬 𝗦𝗣𝗘𝗖𝗜𝗔𝗟],                                                                                                         $0                                                 ,10,30,Mother's Day Special Free Instagram Views By JEPH Instant-- Deducted Amount Will Be Refunded Service will last till 11May 1:30Am 1 Orders Per User Only 
11,1476,𝗜𝗡𝗦𝗧𝗔𝗚𝗥𝗔𝗠-𝗖𝗨𝗦𝗧𝗢𝗠-𝗖𝗢𝗠𝗠𝗘𝗡𝗧𝗦 𝗙𝗥𝗘𝗘 [𝗠𝗢𝗧𝗛𝗘𝗥\'𝗦 𝗗𝗔𝗬 𝗦𝗣𝗘𝗖𝗜𝗔𝗟],                                                                                                         $0                                                 ,10,20,Mother's Day Special Free Instagram custom-comments By JEPH Instant-- Deducted Amount Will Be Refunded Service will last till 11May 1:30Am 1 Orders Per User Only 
12,1403,Instagram Followers [5k] [Real Mixed] NON REFILL,                                                                                                         $1.4                                                 ,100,5000,Instant - 5k Per Day - Real Mixed
13,1445,Instagram Followers - [ Max - 2k ] [ No refill ] [ Best Service ] [ 2k/day ] INSTANT ,                                                                                                         $1.5                                                 ,100,2000,[REAL-MIXED] WORLDWIDE+INDIAN+ARAB+IRANI+SOME NON DP ACCOUNT INSTANT MAX-2K SPEED-2K/DAY NO-PARTIAL 
14,1456,Instagram Real Followers | Max 3K | 1-2K/Day Speed | LQ ,                                                                                                         $1.5                                                 ,100,3000, Max 3K | 1-2K/Day Speed | LQ 
15,1447,♛ Instagram -[J-1] Followers [ Max - 10k ] [ 5K DAY ] [ No Refill ] INSTANT-1HRS,                                                                                                         $2.2                                                 ,100,10000,INSTANT\ -4HRS
16,1453,Instagram Followers - [ Max - 50k ] [ NO REFILL ] [ REAL PROFILE ] [ FASTEST ] INSTANT,                                                                                                         $2.1                                                 ,100,50000,SUPER INSTANT 0-30MIN 
17,1451,Instagram[J-8]Real Followers HQ LESS-DROP Speed 500 Day ,                                                                                                         $3                                                 ,100,1000,less drop 500 day speed Slow Non refill 
18,1311,♛ Instagram Followers - ( J-2 ) [REAL] [R30] [ALMOST Real HQ] [ Max - 10K ]  1K Daily ,                                                                                                         $3.4                                                 ,50,10000,1-6 hours All Real HQ Accounts Low Drop 30days Refill(manual) 1k/day
19,1073,Instagram Followers - ( J7 ) [ Real And Active ] [ 20 Days Refill ] [ Max - 100k ] INSTANT,                                                                                                         $2.4                                                 ,100,20000,INSTANT TO UPTO 1HRS 30 DAYS REFILL 30 000 PER DAY REFILL BUTTON ENABLED! - Good For Big accounts!
20,1312, Instagram Real Followers | Max 20K | Refill Button 30 Days | Daily 1K-3K Speed,                                                                                                         $3.06                                                 ,50,25000,Instant Real HQ Profiles Natural Pattern 100 -2000 Per Day Drop - 10% - 20% 30 Days Refill 
21,1310, Instagram Real Followers | Max 12K | 25 Days Manual Refill | Daily Speed 1K,                                                                                                         $3.3                                                 ,200,12000,1-6 hours All Real HQ Accounts Low Drop 25 days Refill 1k/day
22,1405,Instagram Followers - [ Max - 100k  Real/Mixed  10Kday ] [ 30 days Refill ] INSTANT ,                                                                                                         $3.2                                                 ,100,10000,Real Followers 30 Days Refill 10 000-20 000 Per day Superfast Followers Best Service
23,1438,♛ Instagram Followers - ( J5 ) [ Real ] [ 20 Days Refill ] [ Max - 20k ] INSTANT-4 HR,                                                                                                         $2.9                                                 ,100,25000,[ 30 Days Refill ] INSTANT-4HR
24,1439,♛ Instagram - Followers [ Max - 2.5k ] [ Real & Active ] [ 30 Days Refill ] SUPER INSTANT,                                                                                                         $3.575                                                 ,20,2500,[ 30 Days Refill ] SUPER INSTANT
25,1201,Instagram Followers - [ ARAB - IRAN MIX ] [ REAL USERS ] INSTANT,                                                                                                         $7.3                                                 ,1000,2000,No Refill Less Drop
26,1202,Instagram Followers [ BRAZIL REAL USERS ] [ LESS DROPS ] [ MAX 250 ] SUPER INSTANT,                                                                                                         $9.6                                                 ,10,250,No Refill Less Drop
27,1203,Instagram Followers [ BRAZIL REAL USERS ] [ LESS DROPS ] [ MAX 1300 ] SUPER INSTANT,                                                                                                         $10.38                                                 ,25,1300,No Refill Less Drop
28,1204,Instagram Followers [ BRAZIL REAL USERS ] [ LESS DROPS ] [ MAX 2000 ] SUPER INSTANT,                                                                                                         $12                                                 ,25,2000,No Refill Less Drop
29,1418,Instagram - Likes Brazil [ REAL USERS ] [ Max - 2000 ] SUPER INSTANT,                                                                                                         $3.465                                                 ,50,2000,Instagram - Likes Brazil [ REAL USERS ] [ Max - 2000 ] SUPER INSTANT
30,1419,Instagram - Likes Iran [ REAL USERS ]  [ Max - 10k ] [ SUPER INSTANT,                                                                                                         $2.31                                                 ,50,10000,Instagram - Likes Iran [ REAL USERS ] [ Max - 10k ] [ SUPER INSTANT
31,1329,Instagram Real Likes [ 1-3k/day]  [Lees Drop ],                                                                                                         $0.9                                                 ,100,3000,Instant Start - Real Mixed - Less Drop
32,1326,Instagram Likes - [ Max - 50k ] [ Real Likes ],                                                                                                         $2.1                                                 ,100,50000,All Real Likes - No Refill 
33,1327,NEW - Instagram Likes [ Max 40k ] [ Real High Quality Likes ] [ 500-1000/Hour ] INSTANT,                                                                                                         $2.25                                                 ,100,40000,Instant Start 500-1000 Per hour Very High Quality Likes All Accounts are Real + Many posts + Active stories!
34,1337,Instagram Likes  [ HQ  Superfast ] INSTANT,                                                                                                         $2                                                 ,100,4000,Instant Start Mixed Real ( No Bots ) Min 20
35,1338, Instagram Likes J2 - [ Max - 10k ] [ Real ] [ Fastest ] SUPER INSTANT,                                                                                                         $1.25                                                 ,100,10000,Instant Start Best Quality Likes
36,1339,Instagram Likes - [ Max 5k ] [ Real ] [ NATURAL INCREASE ] INSTANT,                                                                                                         $0.85                                                 ,100,5000,50-200 Per Hour Natural Increase
37,1408,Instagram Real Likes [5-10K Per Hour Speed ] ,                                                                                                         $1.3                                                 ,50,2500,Instant - 10k Per Hour Speed - All Real Likes 
38,1450,Instagram Likes Real [Good Quality] ,                                                                                                         $0.65                                                 ,100,1000,1k day speed 
39,1452, Instagram Real Likes NON-DROP  QUALITYHQ 500-800/Hour [MAX-7K] SUPER-FAST INSTANT,                                                                                                         $0.65                                                 ,50,10000,Instant start Speed~500-800/Hour Currently no-drop Note:-if drop no refill 
40,1454,Instagram Real Likes | Max 10K | Instant Start | 300-500 hr | NonDrop,                                                                                                         $0.66                                                 ,100,10000,instant Start 0-60min | 300-500 hr | NonDrop
41,1455,Instagram Real Likes | Max 2K | Hourly Speed 100-200 ,                                                                                                         $0.69                                                 ,100,2000,| Hourly Speed 100-200 
42,1331,NEW - Instagram Power Likes [ Max - 5k ] [ High Quality ] INSTANT,                                                                                                         $2.4                                                 ,100,5000,- HIGH-END IG POWER Likes - Instant Start ! - All Accounts are HIGH Quality with 10K+ Followers ! - Will Increase Your Chance to Reach Explore Page ! - Min order : 100 - Max order : 5K
43,1332,Instagram Story Views - [ Max - 20k ] [ FAST ] SUPER INSTANT,                                                                                                         $0.04                                                 ,500,20000,INSTANT START RELIABLE SERVICE FOR ALL STORY 20K/DAY MIN 500 MAX 20K
44,1349,Instagram Story Views [500K],                                                                                                         $1.1                                                 ,100,500000,Instant Almost
45,1350, Instagram Impressions + Reach (No Refill),                                                                                                         $0.055                                                 ,50,50000,IG Post Impressions + Reach CHEAPEST ON PLANET!! Start: 0-1H (Usually Instant)
46,1351,Instagram last Story - 1 Mint Delivery - Only Username - No refund,                                                                                                         $0.308                                                 ,400,10000,Instant Almost
47,1352,Instagram Story Views,                                                                                                         $0.055                                                 ,100,80000,Instant Username Only
48,1333,Instagram Views - [ Max - 10M ] [ SUPERFAST ] SUPER INSTANT,                                                                                                         $0.06                                                 ,500,100000,Superfast Start Instant Per Hour Speed 1.5M UNLIMITED!
49,1334,Instagram Views + Impressions [ Max - 10M ] [ SUPERFAST ] SUPER INSTANT,                                                                                                         $0.05                                                 ,500,100000,Superfast Per Hour Speed 1.5M Impressions Will Come Randomly From Profile Explore Home Page Other! UNLIMITED!
50,1335,Instagram Views + Impressions + Profile Visits [ Max - 10M ] [ SUPERFAST ] SUPER INSTANT,                                                                                                         $0.07                                                 ,500,100000,Superfast! Start Instant Per Hour Speed 1.5M! Impressions Will Come Randomly From Profile Explore Home Page Other! With %20-30 Profile Visits! UNLIMITED!
51,1336,Instagram Saves - [ Max - 50K ] [ FAST ] INSTANT,                                                                                                         $0.04                                                 ,100,25000,Instant Start Put Post URL Min 100
52,1341,Instagram TV Views ,                                                                                                         $0.08                                                 ,500,100000,Instant to 3 Hrs Lifetime guarantee
53,1342,Instagram - TV Views  [ Instant ] ,                                                                                                         $0.38                                                 ,500,100000,Instant Speed per Day: 1 000 000 Lifetime guarantee 
54,1343,Instagram TV Likes,                                                                                                         $0.26                                                 ,100,5000,INSTANT Start IG TV Likes Put Full TV Video Link
55,1347,Instagram Comments Likes,                                                                                                         $1.32                                                 ,20,4000, ( Like on comment ) ( Min 20 - Max 4000 ) ( Recommended )
56,1348,Instagram Custom Comments HQ,                                                                                                         $5.72                                                 ,5,500000,Instant HQ Dont Put @ 
57,1356,Youtube Views ( Instant Start ) ( 30 Days Refill ) [ 10k-30k/day ],                                                                                                         $1.35                                                 ,1000,100000,Instant Start to 4 hours Start Min 100 We Have Refill Service with Refill Button 30 Days Refill Guarantee
58,1409,Youtube Views [Non Drop] 20-30k Per Day Speed ,                                                                                                         $1.28                                                 ,1000,100000,Instant Start 0-4hr - Lifetime Refill - 30-60 Seconds Retention 
59,1457,♛ Youtube - Views [ 20k-/day ] [ Life Time Guaranteed ] INSTANT ,                                                                                                         $0.9                                                 ,1000,100000,Instant Start • 20k-50k/day speed. • Random Retention • Life Time Guaranteed
60,1458,Youtube - Views J7 [ Speed - 1M-5M/day ] [ Life Time Guaranteed ] INSTANT ,                                                                                                         $0.99                                                 ,20000,100000,INSTANT START 30SEC-2MINS LIFE TIME GUARANTEED 
61,1358,Youtube - INDIAN ADS Views [ Non Drop ] ] [ Speed - 100k-300k/day ] Start 12-48HRS ,                                                                                                         $2.5                                                 ,10000,100000000,Start time: 12-48hrs Minimum 25 000 INDIAN ADS Views 100% No drop! Video must be under 5mins Why start time 1-48hrs? Because it takes time 24hrs maximum to approved from ADS. 
62,1359,Youtube - TURKEY ADS Views [ Non Drop ] [ 100k-500k/day ] Start 12-48HRS ,                                                                                                         $2.3                                                 ,10000,100000000,Start time: 12-48hrs Minimum 25 000 Turkey ADS Views 100% No drop! Video must be under 5mins Why start time 1-48hrs? Because it takes time 24hrs maximum to approved from ADS.
63,1360,Youtube - FRENCH ADS Views [ Non Drop ] ] [ Speed - 100k-300k/day ] Start 12-48HRS ,                                                                                                         $2.2                                                 ,10000,100000000,Start time: 12-48hrs Minimum 25 000 FRENCH ADS Views 100% No drop! Video must be under 5mins Why start time 1-48hrs? Because it takes time 24hrs maximum to approved from ADS.
64,1361,Youtube - UK ADS Views [ Non Drop ] ] [ Speed - 100k-300k ] Start 12-48HRS ,                                                                                                         $2.1                                                 ,10000,100000000,Start time: 12-48hrs Minimum 25 000 UK ADS Views 100% No drop! Video must be under 5mins Why start time 1-48hrs? Because it takes time 24hrs maximum to approved from ADS. 
65,1362,Youtube - USA ADS Views [ Non Drop ] ] [ Speed - 100k-300k ] Start 12-48HRS ,                                                                                                         $2.5                                                 ,10000,100000000,Start time: 12-48hrs Minimum 25 000 USA ADS Views 100% No drop! Video must be under 5mins Why start time 1-48hrs? Because it takes time 24hrs maximum to approved from ADS. 
66,1363,Youtube - ARAB ADS Views [ Non Drop ] ] [ Speed - 100k-500k ] Start 12-48HRS ,                                                                                                         $2.4                                                 ,10000,100000000,Start time: 12-48hrs Minimum 25 000 ARAB ADS Views 100% No drop! Video must be under 5mins Why start time 1-48hrs? Because it takes time 24hrs maximum to approved from ADS.
67,1364, YouTube - BRAZIL ADS Views [Non Drop] [50K-200K/Day  Start 12-48 Hrs],                                                                                                         $2.4                                                 ,10000,100000000,Start time: 12-48hrs Minimum 25 000 BRAZIL ADS Views 100% No drop! Video must be under 5mins Why start time 1-48hrs? Because it takes time 24hrs maximum to approved from ADS.
68,1365, YouTube - AUSTRALIA  ADS Views [Non Drop] [50K-200K/Day  Start 12-48 Hrs],                                                                                                         $2.5                                                 ,10000,100000000,Start time: 12-48hrs Minimum 25 000 AUSTRALLA ADS Views 100% No drop! Video must be under 5mins Why start time 1-48hrs? Because it takes time 24hrs maximum to approved from ADS.
69,1366, YouTube - BELGIUM ADS Views [Non Drop] [50K-200K/Day  Start 12-48 Hrs],                                                                                                         $2.5                                                 ,10000,100000000,Start time: 12-48hrs Minimum 25 000 BELGLUM ADS Views 100% No drop! Video must be under 5mins Why start time 1-48hrs? Because it takes time 24hrs maximum to approved from ADS.
70,1367,YouTube - CANADA ADS Views [Non Drop] [50K-200K/Day  Start 12-48 Hrs],                                                                                                         $2.5                                                 ,10000,100000000,Start time: 12-48hrs Minimum 25 000 CANADA ADS Views 100% No drop! Video must be under 5mins Why start time 1-48hrs? Because it takes time 24hrs maximum to approved from ADS.
71,1369,Youtube ADS 1M Views ,                                                                                                         $1.08                                                 ,1000000,1000000,Start Time : 60min True Adword Views Indian Many Country Like+Views+ Subscribers 100% Refund if Not AdWord views High Retention + High Impression Max Speed : 1M/Day If the video length shorter than :- 1Min - Speed 500k-1M (More than 5 minutes Speed will be low ) - True NonDrop - True Genuine Source- Yt Advertisment - Nondrop - Lifetime Guaranteed - Quality- High + Best Note- Video must be fresh so there will be no dropping for liftime.. Because views with older drop can\'t be Refilled because its pure AdWord
72,1118,Youtube - Comments [RANDOM] [300] [USA] [SUPERQUALITY] INSTANT-1hrs,                                                                                                         $40                                                 ,10,500, Instant-1hrs Start time - High Quality Niche Related Random Comments - 300/day - No refill - Minimum 10 and Maximum 300
73,1119,Youtube - Comments [CUSTOM] [300] [USA] [SUPERQUALITY] INSTANT-1hrs,                                                                                                         $55                                                 ,10,500,- Instant-1hrs Start Time - High Quality Custom Comments - 300/day - No refill - Minimum 10 and Maximum 500
74,1120,Youtube - Comments [CUSTOM] [100] [FEMALE] [USA] NSTANT-1hrs,                                                                                                         $36                                                 ,10,100,- Instant-1hrs Start Time - Only FEMALE Profile From USA - High Quality Custom Comments - 100/day - No refill - Minimum 10 and Maximum 100
75,1121,Youtube - Comments [CUSTOM] [100] [FEMALE] [USA] NSTANT-1hrs,                                                                                                         $54                                                 ,10,100,- Instant-1hrs Start Time - Only FEMALE Profile From USA - High Quality Custom Comments - 100/day - No refill - Minimum 10 and Maximum 100
76,1123,Youtube - Comment Replay [500] [CUSTOM] [USA] INSTANT-4HRS,                                                                                                         $2.1198                                                 ,1000,300,- Comment Link ONLY - High Quality - No refill - Min 10 Max 300 Note: If you added Original Video Link it would do Comment on original Video and order will mark completed. 
77,1459,Youtube Monetization Views - [ Sources - Facebook ] [ Retention - 25-30mins ] INSTANT,                                                                                                         $3.52                                                 ,100,2000,Youtube Monetization Views - [ Sources - Facebook ] [ Retention - 25-30mins ] INSTANT
78,1460,Youtube Monetization Views - [ Sources - Direct ] [ Retention - 25-30mins ] INSTANT,                                                                                                         $3.52                                                 ,100,2000,Youtube Monetization Views - [ Sources - Direct ] [ Retention - 25-30mins ] INSTANT
79,1461,Youtube Monetization Views - [ Sources - Facebook ] [ Retention - 50-60mins ] INSTANT,                                                                                                         $7.04                                                 ,100,5000,Youtube Monetization Views - [ Sources - Facebook ] [ Retention - 50-60mins ] INSTANT
80,1462,Youtube Monetization Views - [ Sources - Direct ] [ Retention - 90-120mins ] INSTANT,                                                                                                         $14.3                                                 ,100,3000,Youtube Monetization Views - [ Sources - Direct ] [ Retention - 90-120mins ] INSTANT
81,1463,Youtube Monetization Views - [ Sources - Facebook ] [ Retention - 90-120mins ] INSTANT,                                                                                                         $14.3                                                 ,100,3000,Youtube Monetization Views - [ Sources - Facebook ] [ Retention - 90-120mins ] INSTANT
82,1464,Youtube Monetization Views - [ Sources - Direct ] [ Retention - 200-240mins ] INSTANT,                                                                                                         $28.6                                                 ,100,2000,Youtube Monetization Views - [ Sources - Direct ] [ Retention - 200-240mins ] INSTANT
83,1465,Youtube Monetization Views - [ Sources - Facebook ] [ Retention - 200-240mins ] INSTANT,                                                                                                         $28.6                                                 ,100,2000,Youtube Monetization Views - [ Sources - Facebook ] [ Retention - 200-240mins ] INSTANT
84,1372,♛ Youtube - Likes [ Best Service ] [ Superfast ] SUPER INSTANT ,                                                                                                         $2.5                                                 ,20,100000,Instant SUPERFAST BEST SERVICE NO REFILL MAX 10k ONLY
85,1064,Youtube Likes - [ Max - 10k ] [ 300-700/day ] [ 30 Days Guaranteed ] INSTANT,                                                                                                         $3.6                                                 ,100,10000,Youtube Likes - [ Max - 10k ] [ 300-700/day ] [ 30 Days Guaranteed ] INSTANT
86,1243,Youtube Likes - [ Max - 100k ] [ Superfast  10k-20k/day ] [ No Refill ] INSTANT,                                                                                                         $2.3                                                 ,20,100000,Youtube Likes - [ Max - 100k ] [ Superfast 10k-20k/day ] [ No Refill ] INSTANT
87,1373,YouTube Likes (Non Drop),                                                                                                         $4                                                 ,100,10000,Cheapest In The Market Non Drop Speed 500+ per day NOTE : - No Refund after order placed - No Refill if Old Likes Drop Below Start Count . ** LESS DROP**
88,1374,Youtube - Dislikes ( J2 ) [ 300-500/day ] INSTANT ,                                                                                                         $6                                                 ,10,20000,No over Delivery! Real Life Time Guaranteed More real way for your video! 200-500 Per day Minimum 10
89,1412,Youtube - Likes [ Exclusive ] Max  7k,                                                                                                         $5                                                 ,100,5000,SUPER FAST Youtube Likes BEST SERVICE NON DROP MAX 7k ONLY ( NO Refill if Likes drop 0-9% ) ( If Likes Drop more then 10% we will refill for 30 days )
90,1370,YouTube - Shares ,                                                                                                         $2                                                 ,500,10000,0-1 Hour Lifetime Guarantee Speed 1.5K/Day
91,1377,Real Facebook Page Likes [ 30 days refill] [ No drop From 1 year] [ 5k/ Hour ],                                                                                                         $7                                                 ,50,5000,30 days Refill Start - instant to 1 hour Speed - 5000 / Hour Our Facebook Page Likes Not Drop Since last 1 Year
92,1378,Facebook - Page Likes [ Max - 30K [ 30 Days Refill Guarantee ] INSTANT ,                                                                                                         $4.5164                                                 ,500,30000,INSTANT START NON DROP 30 DAYS GUARANTEE! 
93,1379,Facebook - Post/Photo Likes [ Max - 10k] [ No Refill ] [ Superfast ] INSTANT,                                                                                                         $1.9                                                 ,100,10000,Cheapest Price in Market Speed = instant finish | quality = LQ Some Time start take 1 hour time.. No Refill/Refund in any case Non Drop as now
94,1380,Facebook Photo / Post Likes ( Real ),                                                                                                         $3.5                                                 ,100,15000,Facebook Photo Likes Profile Photo Likes Status Likes ( ALL Work ) Instant start Real Likes . Life Time Guarantee
95,1381,Facebook - Post/Photo Likes [ Max - 2000 ] [ No Refill ] INSTANT ,                                                                                                         $0.8                                                 ,50,2000, Low quality 100-300 per day 1 min to 6 hours Drop rate: 10% - 30% No refill No refund
96,1382,Facebook - Emoticons Post Likes  [ Love ] 1-12HRS ,                                                                                                         $5.5                                                 ,25,2000,Instant Start 500/day speed Lifetime non drop guarantee 50 Minimum order 2000 Maximum order
97,1383,Facebook - Emoticons Post Likes [ Wow ] 1-12HRS ,                                                                                                         $6                                                 ,25,2000, Instant Start 500/day speed Lifetime non drop guarantee 50 Minimum order 500 Maximum order
98,1384,Facebook - Emoticons Post Likes J1 [ Haha ] 1-12HRS ,                                                                                                         $6                                                 ,25,2000,Instant Start 500/day speed Lifetime non drop guarantee 50 Minimum order 500 Maximum order
99,1385,Facebook - Emoticons Post Likes J1 [ Sad ] 1-12HRS ,                                                                                                         $6                                                 ,25,2000,Instant Start 500/day speed Lifetime non drop guarantee 50 Minimum order 500 Maximum order
100,1386,Facebook - Emoticons Post Likes  [ Angry ] Instant ,                                                                                                         $6                                                 ,25,2000,Start 0-1 hours ( Mostly in 2 minutes ) Real Likes Life Time Guarantee
101,1387,Facebook Photo / Post likes ( Fan Page and Profile Post Likes ),                                                                                                         $3.6                                                 ,50,10000,Start 0-1 hours ( Mostly in 2 minutes ) Real Likes Life Time Guarantee
102,1388,Facebook Video Views ( Cheapest ),                                                                                                         $0.077                                                 ,500,10000000,Instant Speed per Day: 100 000 Real Views Non Drop
103,1390,Facebook Video Views ,                                                                                                         $0.121                                                 ,500,10000000,Speed 100k - 200k / Day 30 days refill Instant - 24 hours start
104,1391,Facebook Retention Video Views ( INSTANT  ) ,                                                                                                         $0.102                                                 ,20000,30000000,
105,1392,Facebook Monetization Views [ Watch Time 0-1 Minute ],                                                                                                         $0.605                                                 ,500,500000, 100% Real Views use to Qualify For Fan Page Enable MONETIZATION Watch Time 1 Minute - 2 Minute ( If youtube update comes from youtube retention can go up or down. No refund or cancellation complain will be taken on retention issue ) Non-Drop (Never Drop Till this Service Started on Marketplace) ] Speed 5k-40k /Day Currently (Speed will Increase more Day by Day) Min 1000 & Max Unlimited Maximum 500k Per Submit Current Start Time INSTANT (Some Video Order 0-30 Min) Correct Video Format: https://www.facebook.com/news24u/videos/1769448429937212/ What is Monetization : Pages can Earn Money from their content if they meet the Partner Monetization Policies (PMP). To find out if your Page is eligible : http://bit.ly/2XoYJIx 
106,1393,Facebook Monetization Views [ Watch Time 0 -1 Minute ],                                                                                                         $0.935                                                 ,500,500000,Follow the same Description with Previous one Just different with Watch Time 3-10 Minute
107,1394,Facebook Monetization Views [ Watch Time 30-50 Minute ],                                                                                                         $0.99                                                 ,500,500000, Follow the same Description with Previous one Just different with Watch Time 30-50 Minute
108,1253,[J-1]Facebook Live Stream Views [ 30 minutes ],                                                                                                         $12                                                 ,50,2000,[ 30 minutes ]
109,1254,[J-2]Facebook Live Stream Views [ 60 minutes ],                                                                                                         $23                                                 ,50,2000,[ 60 minutes ]
110,1255,[J-3]Facebook Live Stream Views [ 90 minutes ],                                                                                                         $34                                                 ,50,2000,[ 90 minutes ]
111,1256,[J-4] Facebook Live Stream Views [ 120 minutes ],                                                                                                         $46                                                 ,50,2000,[ 120 minutes ]
112,1257,[J-5]Facebook Live Stream Views [ 150 minutes ],                                                                                                         $58                                                 ,50,2000, [ 150 minutes ]
113,1258,[J-6]Facebook Live Stream Views [ 180 minutes ],                                                                                                         $69                                                 ,50,2000,[ 180 minutes ]
114,1259,[J-7]Facebook Live Stream Views [ 210 minutes ],                                                                                                         $90                                                 ,50,2000, [ 210 minutes ]
115,1260,[J-8]Facebook Live Stream Views [ 240 minutes ],                                                                                                         $93                                                 ,50,2000,[ 240 minutes ]
116,1261,[J-9]Facebook Live Stream Views [ 300 minutes ],                                                                                                         $116                                                 ,50,2000,[ 300 minutes ]
117,1262,[J-10]Facebook Live Stream Views [ 600 minutes ],                                                                                                         $220                                                 ,50,2000,[ 600 minutes ] 
118,1281,[J-6] TikTok Likes [ Instant ] START,                                                                                                         $2.1249                                                 ,500,1000,Instant 1k Per Day 5% Drop No refill - No refund Note: Put Full Url For Example https://www.tiktok.com/@username/video
119,1282,[J-7] Tik Tok Likes ( Non Drop ) BEST SERVER,                                                                                                         $6                                                 ,20,25000,Speed 5000 per day - Avatars Followers and Likes - 30 days warranty - minimum 10 - maximum 10000 - instant start Note: Put Full Url For Example https://www.tiktok.com/@username/video
120,1410,Tik Tok Likes [Cheap] [5k] ,                                                                                                         $0.98                                                 ,100,5000,Instant Start - Non Drop 
121,1415,Tiktok - Views  [ ULTRAFAST ] [ Max - UNLIMATED ] SUPER INSTANT ,                                                                                                         $0.02                                                 ,2000,10000000,SUPER INSTANT 1 MILLION IN FEW MINS! 
122,1417,Tiktok - Likes [ Max - 10k ] [ 1k-5k/day ] INSTANT-6HRS ,                                                                                                         $1.0625                                                 ,500,3000,REAL LOOKING NO REFILL! 
123,1466,Twitter Followers | Instant | Max 1K | 0-1 Hour Start | 250-1000 PER DAY | AR 30 Days ,                                                                                                         $3                                                 ,20,1000,0-1 Hour Start | 250-1000 PER DAY
124,1396,Twitter Likes ( S1 ) - [ Max - 10k ] [ 5k/day ] INSTANT,                                                                                                         $3                                                 ,50,10000,[ 5k/day ] INSTANT
125,1467,Twitter Likes | Instant | Max 1K | 0-1 Hour | AR 30 Days ,                                                                                                         $2.8                                                 ,50,1000, 0-1 Hour
126,1290,Buy Free Fire Diamonds 50 INSTANT NON-DROP 🔥,                                                                                                         $1.056                                                 ,1000,1000,Buy Free Fire Diamonds 50 INSTANT NON-DROP 🔥
127,1291,Buy Free Fire Diamonds 100 INSTANT NON-DROP 🔥,                                                                                                         $1.92                                                 ,1000,1000,Buy Free Fire Diamonds 100 INSTANT NON-DROP 🔥
128,1292,Buy Free Fire Diamonds 310 INSTANT NON-DROP 🔥,                                                                                                         $5.04                                                 ,1000,1000,Buy Free Fire Diamonds 310 INSTANT NON-DROP 🔥
129,1293,Buy Free Fire Diamonds 520 INSTANT NON-DROP 🔥,                                                                                                         $8.28                                                 ,1000,1000,Buy Free Fire Diamonds 520 INSTANT NON-DROP 🔥
130,1294,Buy Free Fire Diamonds 1060 INSTANT NON-DROP 🔥,                                                                                                         $15.6                                                 ,1000,1000,Buy Free Fire Diamonds 1060 INSTANT NON-DROP 🔥
131,1295,Buy Free Fire Diamonds 2180 INSTANT NON-DROP 🔥,                                                                                                         $30                                                 ,1000,1000,Buy Free Fire Diamonds 2180 INSTANT NON-DROP 🔥
132,1296,Buy Free Fire Diamonds 5600 INSTANT NON-DROP 🔥,                                                                                                         $90                                                 ,1000,1000,Buy Free Fire Diamonds 5600 INSTANT NON-DROP 🔥
133,1297,Buy Lords Mobile Diamonds 31 INSTANT NON-DROP 🔥,                                                                                                         $0.636                                                 ,1000,1000,Buy Lords Mobile Diamonds 31 INSTANT NON-DROP 🔥
134,1298,Buy Lords Mobile Diamonds 126 INSTANT NON-DROP 🔥,                                                                                                         $2.34                                                 ,1000,1000,Buy Lords Mobile Diamonds 126 INSTANT NON-DROP 🔥
135,1299,Buy Lords Mobile Diamonds 628 INSTANT NON-DROP 🔥,                                                                                                         $10.2                                                 ,1000,1000,Buy Lords Mobile Diamonds 628 INSTANT NON-DROP 🔥
136,1300,🔥 Buy PUBG Royal Pass {Season 12} Buy 660 UC Get Additional 170 UC FREE + 1 Gift additional🔥🔥,                                                                                                         $14.4                                                 ,1000,1000,🔥 Buy PUBG Royal Pass {Season 12} Buy 660 UC Get Additional 170 UC FREE + 1 Gift additional🔥🔥
137,1301,🔥 Buy PUBG Buy 8 UC,                                                                                                         $0.198                                                 ,1000,1000,🔥 Buy PUBG Buy 8 UC
138,1302,🔥 Buy PUBG Buy 30 UC Get Additional 5 UC FREE + 1 Gift additional 🔥🔥,                                                                                                         $0.72                                                 ,1000,1000,🔥 Buy PUBG Buy 30 UC Get Additional 5 UC FREE + 1 Gift additional 🔥🔥
139,1303,🔥 Buy PUBG Buy 60 UC Get Additional 15 UC FREE + 1 Gift additional 🔥🔥,                                                                                                         $1.404                                                 ,1000,1000,🔥 Buy PUBG Buy 60 UC Get Additional 15 UC FREE + 1 Gift additional 🔥🔥
140,1304,🔥 Buy PUBG Buy 180 UC Get Additional 40 UC FREE + 1 Gift additional 🔥🔥,                                                                                                         $4.44                                                 ,1000,1000,🔥 Buy PUBG Buy 180 UC Get Additional 40 UC FREE + 1 Gift additional 🔥🔥
141,1305,🔥 Buy PUBG Buy 600 UC Get Additional 170 UC FREE + 1 Gift additional 🔥🔥,                                                                                                         $13.56                                                 ,1000,1000,🔥 Buy PUBG Buy 600 UC Get Additional 170 UC FREE + 1 Gift additional 🔥🔥
142,1306,🔥 Buy PUBG Buy 1500 UC Get Additional 510 UC FREE + 1 Gift additional 🔥🔥,                                                                                                         $32.988                                                 ,1000,1000,🔥 Buy PUBG Buy 1500 UC Get Additional 510 UC FREE + 1 Gift additional 🔥🔥
143,1307,🔥 Buy PUBG Buy 3000 UC Get Additional 1200 UC FREE + 1 Gift additional 🔥🔥,                                                                                                         $66                                                 ,1000,1000,🔥 Buy PUBG Buy 3000 UC Get Additional 1200 UC FREE + 1 Gift additional 🔥🔥
144,1308,🔥 Buy PUBG Buy 6000 UC Get Additional 2750 UC FREE + 1 Gift additional 🔥🔥,                                                                                                         $134.4                                                 ,1000,1000,🔥 Buy PUBG Buy 6000 UC Get Additional 2750 UC FREE + 1 Gift additional 🔥🔥
145,1274,♛Real Telegram-Channel Member [Max-50K] NON REFILL,                                                                                                         $1                                                 ,1000,50000,Start Time: Instant - 1 hours Speed: 24-48 Hours Delivery Refill: no
146,1275,♛Real Telegram-Channel Member [Max-100K] SUPER  REFIL-20DADYS,                                                                                                         $2.3                                                 ,1000,100000,Real-members 20 DAYS There is very less drop Sometime drop only 2-5%
147,1406,Telegram Channel Members [30 Days Refill] ,                                                                                                         $0.9                                                 ,1000,25000,Instant Start - 30 Days Refill - 
148,1407,Netflix aacount Uhd (1 Aacount only) ,                                                                                                         $3.28                                                 ,1000,1000,link - your what's app number Delivery - 0-24hr
149,1397,Pinterest Followers ( Max 100k ) [INSTANT],                                                                                                         $2.5                                                 ,25,100000,
150,1398,Pinterest Followers [ BOARD ] [ 500K ] ,                                                                                                         $2.5                                                 ,10,50000,
151,1399,Pinterest Pin Likes,                                                                                                         $2.6                                                 ,25,50000,
152,1400,Pinterest RePins [10M] ,                                                                                                         $3.3                                                 ,20,10000000,
153,1401,Pinterest Followers,                                                                                                         $2.5                                                 ,25,100000,
154,1167,MUKUL ,                                                                                                         $0.825                                                 ,50,15000,bot
155,1413,UK Studio veiws ,                                                                                                         $1.5                                                 ,500,1000000,ONLY VIP 
156,1414,UK  STUDIO YOUTUBE COMMENTS (PUNJABI MIX),                                                                                                         $21                                                 ,20,2000,1-24 Hours NON DROP 
157,1448,Intagram VIP Server Max - 10k (Daily Speed 1k),                                                                                                         $2.9                                                 ,20,10000,only VIP users 
