ID,Site,Product,Price/1000,Min,Max,Active,Real,Bot,No Drip,Drip,Non-drip,No Drop,Drop,Non-drop,Random,Custom,No Refill,Refill,Non-refill,Female,Male,Power,HQ,LQ,No Guarantee,Guarantee,Refund,No refund,Non-refund,Slow,Fast,Instant,Day,Hour,Bundle,Geo,From,Service
1084,YouTube,view,0.52,200,10000000,False,False,False,False,False,False,False,False,False,False,False,False,True,False,False,False,False,False,False,False,False,False,False,False,False,False,False,True,False,False,Unspecified,Unspecified,🆕 Youtube Views [30 Days Refill  10-20k Speed Per Day 12hrs] [10m Max]
1033,YouTube,view,0.58,200,10000000,False,False,False,False,False,False,False,False,False,False,False,False,True,False,False,False,False,False,False,False,True,False,False,False,False,False,True,True,False,False,Unspecified,Unspecified,🆕 Youtube Views [Instant Lifetime Guaranteed 10-30k Speed Per Day] [1m Max]
1034,YouTube,view,1.01,500,10000000,False,False,False,False,False,False,False,True,False,False,False,False,True,False,False,False,False,False,False,False,True,False,False,False,False,False,True,True,False,False,Unspecified,Unspecified,🆕  Youtube Views [Lifetime Guaranteed  30-60k Speed  Non Drop] [Instant Start] [10m Max] 🔥
1035,YouTube,view,1.38,1000,100000000,False,False,False,False,False,False,False,False,False,True,False,False,True,False,False,False,False,False,False,False,True,False,False,False,False,False,False,True,False,False,Unspecified,Unspecified,Youtube Views [Lifetime Warranty  1-2M Speed Per Day  0-3hrs Starting]
1036,YouTube,view,1.5,1000,100000000,False,False,False,False,False,False,False,False,False,True,False,False,True,False,False,False,False,True,False,False,True,False,False,False,False,True,False,True,False,False,Unspecified,Unspecified,🆕 Youtube Views [Lifetime Warranty  2-5M Speed Per Day  HQ FAST SERVER  0-2hrs Starting] 🔥
755,YouTube,view,1.8,500,10000000,False,False,False,False,False,False,False,False,False,False,False,False,True,False,False,False,False,False,False,False,True,False,False,False,False,False,True,True,False,False,Unspecified,Unspecified,Youtube Views [Lifetime Guaranteed  Good for ranking  30k-80k Speed  Recommended] [Instant Start] 🔥
802,YouTube,view,0.92,100,10000000,False,False,False,False,False,False,False,False,False,True,False,False,False,False,False,False,False,False,False,False,True,False,False,False,False,False,True,True,False,False,Unspecified,Unspecified,Youtube Views [Lifetime Guaranteed  50k Speed] [Instant Start] [1m Max]
1043,YouTube,view,1.6,1000,1000000,False,False,False,False,False,False,False,False,False,False,False,False,True,False,False,False,False,False,False,False,True,False,False,False,False,False,True,True,False,False,Unspecified,Unspecified,🆕 Youtube Views [Lifetime Guaranteed  Refill Button Enabled  10-20k/Day] 10m Max
757,YouTube,view,1.5,100,10000000,False,False,False,False,False,False,False,False,False,False,False,False,True,False,False,False,False,False,False,False,True,False,False,False,False,True,True,True,False,False,Unspecified,Unspecified,♛ YouTube Views ►►[Speed 15-80k per day] [Lifetime Guaranteed] [Max 1M]⚡️🔥
797,YouTube,view,1.8,1000,8000000,False,True,False,False,False,False,False,True,True,False,False,False,True,False,False,False,False,True,False,False,True,False,False,False,False,False,True,True,False,False,Unspecified,Unspecified,♛ Youtube INSTANT NON-DROP  Views [HQ] [Speed 150-350 k/day] [Lifetime Guaranteed] [Max 8M]⚡️🔥
498,YouTube,view,1.28,1000,10000,False,False,False,False,False,False,False,False,False,False,False,False,True,False,False,False,False,False,False,False,True,False,False,False,False,False,False,True,False,False,Unspecified,Unspecified,Youtube Views  [Lifetime Guaranteed  50-200 Speed Per Day] [0-48hrs Starting]
857,YouTube,view,0.87,1000,15000,False,False,False,False,False,False,False,False,False,False,False,True,True,False,False,False,False,False,False,False,False,True,True,False,True,False,False,True,False,False,Unspecified,Unspecified,YouTube Monetized Views [SLOW VIEWS] [100-300 Per Day] [15k Max]
756,YouTube,view,0.65,100,10000000,False,False,False,False,False,False,False,True,False,False,False,True,True,False,False,False,False,False,False,False,False,True,True,False,False,False,True,True,True,False,Unspecified,Unspecified,🆕 YouTube Views ►►[Speed 400k-1m per day] [No Refill/ Refund] [Max 10M] 🔥
1042,YouTube,view,0.9,1000,10000000,False,False,False,False,False,False,False,True,False,False,False,True,True,False,False,False,False,False,False,False,False,True,True,False,False,False,True,True,True,False,Unspecified,Unspecified,♛ YouTube Views ►►[Speed 15-20k per day] [No Refill/ Refund] [Max 1M]⚡️
1041,YouTube,view,0.95,1000,10000000,False,False,False,False,False,False,False,True,False,False,False,True,True,False,False,False,False,False,False,False,False,True,True,False,False,False,True,True,True,False,Unspecified,Unspecified,♛ YouTube INSTANT Views [Speed 40-80k per day] [No Refill/ Refund] [Max 10M]⚡️
1040,YouTube,view,2.18,20000,10000000,False,True,False,False,False,False,False,False,False,False,False,False,False,False,False,False,False,True,False,False,False,False,False,False,False,False,True,True,False,False,Unspecified,Unspecified,Youtube Views Playlist [HQ  Monetizable] [10m Max]
930,YouTube,view,1.6,500,2000000,False,False,False,False,False,False,False,False,False,False,False,False,True,False,False,False,False,False,False,False,False,False,False,False,False,False,True,True,False,False,Unspecified,Unspecified,🆕 YouTube High Retention Views [5-20 Mins Retention  Lifetime Warranty  2-5k/Day] [10M Max]
1082,YouTube,view,0.89,500,10000000,False,False,False,False,False,False,False,False,False,False,False,False,True,False,False,False,False,False,False,False,False,False,False,False,False,False,True,True,False,False,Unspecified,Unspecified,YouTube Medium Retention Views [1-5 Mins Retention  Lifetime Warranty  30-100k/Day] [10M Max]
1044,YouTube,view,1.72,200,2000000,False,False,False,False,False,False,False,False,False,False,False,False,True,False,False,False,False,False,False,False,False,False,False,False,False,False,True,True,False,False,Unspecified,Unspecified,🆕 YouTube High Retention Views [5-20 Mins Retention  Lifetime Warranty  5-15k/Day] [20M Max] 🔥
1045,YouTube,view,2.2,1000,1000000,False,False,False,False,False,False,False,False,False,False,False,False,True,False,False,False,False,False,False,False,False,False,False,False,False,False,True,True,False,False,Unspecified,Unspecified,YouTube High Retention Views [8-20 Mins Retention  Lifetime Warranty  5-10k/Day] [10M Max] [Recommended] 🔥
1083,YouTube,view,0.96,1000,10000000,False,False,False,False,False,False,False,False,False,False,False,False,True,False,False,False,False,False,False,False,False,False,False,False,False,False,True,True,False,False,Unspecified,Unspecified,YouTube Medium Retention Views [1-5 Mins Retention  Lifetime Warranty  200-500k/Day] [10M Max]
1059,YouTube,view,6.53,500,4000,False,False,False,False,False,False,False,False,False,False,False,False,True,False,False,False,False,False,False,False,False,False,False,False,False,False,True,True,True,True,Unspecified,Unspecified,🆕Youtube Watchtime Views (4000 HR) [Instant - 2hr  30 Days Refill Warranty  1hr+ Video Only]
1075,YouTube,view,6.98,500,1000,False,False,False,False,False,False,False,False,False,False,False,False,True,False,False,False,False,False,False,False,False,False,False,False,False,False,True,True,True,True,Unspecified,Unspecified,🆕Youtube Watchtime Views (1000 HR) [Instant - 2hr  30 Days Refill Warranty  1hr+ Video Only]
1076,YouTube,view,6.98,500,2000,False,False,False,False,False,False,False,False,False,False,False,False,True,False,False,False,False,False,False,False,False,False,False,False,False,False,True,True,True,True,Unspecified,Unspecified,🆕Youtube Watchtime Views (2000 HR) [Instant - 2hr  30 Days Refill Warranty  1hr+ Video Only]
1077,YouTube,view,6.53,500,3000,False,False,False,False,False,False,False,False,False,False,False,False,True,False,False,False,False,False,False,False,False,False,False,False,False,False,True,True,True,True,Unspecified,Unspecified,🆕Youtube Watchtime Views (3000 HR) [Instant - 2hr  30 Days Refill Warranty  1hr+ Video Only]
1078,YouTube,view,22.48,1000,1000,False,False,False,False,False,False,False,False,False,False,False,False,True,False,False,False,False,False,False,False,False,False,False,False,False,False,True,True,True,True,Unspecified,Unspecified,Youtube Watchtime Views (1000 HR) [Instant - 2hr  30 Days Refill Warranty  2hr+ Video Only]
1079,YouTube,view,44.95,1000,1000,False,False,False,False,False,False,False,False,False,False,False,False,True,False,False,False,False,False,False,False,False,False,False,False,False,False,True,True,True,True,Unspecified,Unspecified,Youtube Watchtime Views (2000 HR) [Instant - 2hr  30 Days Refill Warranty  2hr+ Video Only]
1080,YouTube,view,67.43,1000,1000,False,False,False,False,False,False,False,False,False,False,False,False,True,False,False,False,False,False,False,False,False,False,False,False,False,False,True,True,True,True,Unspecified,Unspecified,Youtube Watchtime Views (3000 HR) [Instant - 2hr  30 Days Refill Warranty  2hr+ Video Only]
1081,YouTube,view,89.9,1000,1000,False,False,False,False,False,False,False,False,False,False,False,False,True,False,False,False,False,False,False,False,False,False,False,False,False,False,True,True,True,True,Unspecified,Unspecified,Youtube Watchtime Views (4000 HR) [Instant - 2hr  30 Days Refill Warranty  2hr+ Video Only]
1038,YouTube,view,1.38,100000,1000000,False,False,False,False,False,False,False,True,False,False,False,False,False,False,False,False,False,False,False,False,False,False,False,False,False,False,True,True,False,False,Unspecified,Unspecified,Youtube Adwords view [100-200k Speed Per Day  Instant-24hrs Approval]
1053,YouTube,view,1.62,100000,1000000,False,False,False,False,False,False,False,True,False,False,False,False,False,False,False,False,False,False,False,False,False,False,False,False,False,False,True,True,False,False,Unspecified,Unspecified,🆕 Youtube Adwords view [300-500k Speed Per Day  Instant-12hrs Approval] [Zero Drop] 🔥
1054,YouTube,view,1.76,100000,1000000,False,False,False,False,False,False,False,True,False,False,False,False,False,False,False,False,False,False,False,False,False,False,False,False,False,False,True,True,False,False,Unspecified,Unspecified,🆕 Youtube Adwords view [500-1M Speed Per Day  NON DROP  Instant-12hrs Approval] [Recommended] 🔥
1055,YouTube,view,1.48,100000,1000000,False,False,False,False,False,False,False,True,False,False,False,False,False,False,False,False,False,False,False,False,False,False,False,False,False,False,True,True,False,False,Unspecified,Unspecified,Youtube Adwords view [200-300k Speed Per Day  Instant-12hrs Approval]
1056,YouTube,view,1.57,100000,1000000,False,False,False,False,False,False,False,True,False,False,False,False,False,False,False,False,False,False,False,False,False,False,False,False,False,False,True,True,False,False,Unspecified,Unspecified,Youtube Adwords view [300-400k Speed Per Day  Instant-12hrs Approval]
637,YouTube,view,2.42,10000,10000000,False,False,False,False,False,False,False,True,False,False,False,False,False,False,False,False,False,False,False,False,False,False,False,False,False,False,False,True,False,True,Unspecified,Unspecified,♛ YouTube Discovery Ad Views ►► [Non Drop  Lifetime Warranty  500k-1m/Day] [10m Max]
1057,YouTube,view,2.42,10000,10000000,False,False,False,False,False,False,False,True,False,False,False,False,False,False,False,False,False,False,False,False,False,False,False,False,False,False,False,True,False,True,Unspecified,Unspecified,♛ YouTube Discovery Ad Views ►► [Non Drop  Lifetime Warranty  200k-500K/Day] [10m Max]
1058,YouTube,view,2.76,10000,10000000,False,False,False,False,False,False,False,True,False,False,False,False,False,False,False,False,False,False,False,False,False,False,False,False,False,False,False,True,False,True,Unspecified,Unspecified,♛ YouTube Discovery Ad Views ►► [Non Drop  Lifetime Warranty  NON DROP  500k-1m/Day] [10m Max] 🔥
431,YouTube,view,1.74,1000,10000000,False,False,False,False,False,False,False,False,False,False,False,False,True,False,False,False,False,False,False,False,True,False,False,False,False,False,True,True,False,False,USA,Unspecified,♛ YouTube Views [USA] [Lifetime Guaranteed] [1M Max] ⚡️⭐
432,YouTube,view,1.74,1000,10000000,False,False,False,False,False,False,False,False,False,False,False,False,True,False,False,False,False,False,False,False,True,False,False,False,False,False,True,True,False,False,UK,Unspecified,♛ YouTube Views [UK] [Lifetime Guaranteed] [1M Max] ⚡️⭐
449,YouTube,view,1.74,1000,10000000,False,False,False,False,False,False,False,False,False,False,False,False,True,False,False,False,False,False,False,False,True,False,False,False,False,False,True,True,False,False,Australia,Unspecified,♛ YouTube Views [AUSTRALIA] [Lifetime Guaranteed] [1M Max] ⚡️⭐
447,YouTube,view,1.74,1000,10000000,False,False,False,False,False,False,False,False,False,False,False,False,True,False,False,False,False,False,False,False,True,False,False,False,False,False,True,True,False,False,Canada,Unspecified,♛ YouTube Views [CANADA] [Lifetime Guaranteed] [1M Max] ⚡️⭐
450,YouTube,view,1.74,1000,10000000,False,False,False,False,False,False,False,False,False,False,False,False,True,False,False,False,False,False,False,False,True,False,False,False,False,False,True,True,False,False,France,Unspecified,♛ YouTube Views [FRANCE] [Lifetime Guaranteed] [1M Max] ⚡️⭐
433,YouTube,view,1.74,1000,10000000,False,False,False,False,False,False,False,False,False,False,False,False,True,False,False,False,False,False,False,False,True,False,False,False,False,False,True,True,False,False,India,Unspecified,♛ YouTube Views [INDIA] [Lifetime Guaranteed] [1M Max] ⚡️⭐
434,YouTube,view,1.74,1000,10000000,False,False,False,False,False,False,False,False,False,False,False,False,True,False,False,False,False,False,False,False,True,False,False,False,False,False,True,True,False,False,Brazil,Unspecified,YouTube Views [BRAZIL] [Lifetime Guaranteed] [ 1M Max]
435,YouTube,view,1.74,1000,10000000,False,False,False,False,False,False,False,False,False,False,False,False,True,False,False,False,False,False,False,False,True,False,False,False,False,False,True,True,False,False,Egypt,Unspecified,YouTube Views [EGYPT] [Lifetime Guaranteed] [1M Max]
436,YouTube,view,1.74,1000,10000000,False,False,False,False,False,False,False,False,False,False,False,False,True,False,False,False,False,False,False,False,True,False,False,False,False,False,True,True,False,False,Germany,Unspecified,YouTube Views [GERMANY] [Lifetime Guaranteed] [1M Max]
205,YouTube,view,1.74,1000,10000000,False,False,False,False,False,False,False,False,False,False,False,False,True,False,False,False,False,False,False,False,True,False,False,False,False,False,True,True,False,False,Israel,Unspecified,YouTube Views [ISRAEL] [Lifetime Guaranteed ][1M Max]
206,YouTube,view,1.74,1000,10000000,False,False,False,False,False,False,False,False,False,False,False,False,True,False,False,False,False,False,False,False,True,False,False,False,False,False,True,True,False,False,Italy,Unspecified,YouTube Views [ITALY] [Lifetime Guaranteed] [1M Max]
207,YouTube,view,1.74,1000,10000000,False,False,False,False,False,False,False,False,False,False,False,False,True,False,False,False,False,False,False,False,True,False,False,False,False,False,True,True,False,False,Japan,Unspecified,YouTube Views [JAPAN] [Lifetime Guaranteed] [1M Max]
208,YouTube,view,1.74,1000,10000000,False,False,False,False,False,False,False,False,False,False,False,False,True,False,False,False,False,False,False,False,True,False,False,False,False,False,True,True,False,False,Pakistan,Unspecified,YouTube Views [PAKISTAN] [Lifetime Guaranteed] [1M Max]
368,YouTube,view,2.76,1000,1000000,False,False,False,False,False,False,False,False,False,False,False,False,True,False,False,False,False,False,False,False,True,False,False,False,False,False,True,True,False,False,Poland,Unspecified,YouTube Views [POLAND] [Lifetime Guaranteed] [1M Max]
367,YouTube,view,3.83,5000,100000000,False,False,False,False,False,False,False,False,False,False,False,False,True,False,False,False,False,False,False,False,True,False,False,False,False,False,True,True,False,False,Saudi Arabia,Unspecified,YouTube Views [SAUDI ARABIA] [Lifetime Guaranteed] [1M Max]
369,YouTube,view,2.88,1000,10000000,False,False,False,False,False,False,False,False,False,False,False,False,True,False,False,False,False,False,False,False,True,False,False,False,False,False,True,True,False,False,Spain,Unspecified,YouTube Views [SPAIN] [Lifetime Guaranteed] [1M Max]
119,YouTube,view,1.74,1000,10000000,False,False,False,False,False,False,False,False,False,False,False,False,True,False,False,False,False,False,False,False,True,False,False,False,False,False,True,True,False,False,Taiwan,Unspecified,YouTube Views [TAIWAN] [Lifetime Guaranteed] [1M Max]
363,YouTube,view,1.74,1000,10000000,False,False,False,False,False,False,False,False,False,False,False,False,True,False,False,False,False,False,False,False,True,False,False,False,False,False,True,True,False,False,Turkey,Unspecified,YouTube Views [TURKEY] [Lifetime Guaranteed] [1M Max]
864,YouTube,view,1.74,1000,10000000,False,False,False,False,False,False,False,False,False,False,False,False,True,False,False,False,False,False,False,False,True,False,False,False,False,False,True,True,False,False,Portugal,Unspecified,YouTube Views [PORTUGAL] [Lifetime Guaranteed] [1M Max]
865,YouTube,view,1.74,1000,10000000,False,False,False,False,False,False,False,False,False,False,False,False,True,False,False,False,False,False,False,False,True,False,False,False,False,False,True,True,False,False,Belgium,Unspecified,YouTube Views [BELGIUM] [Lifetime Guaranteed] [1M Max]
872,YouTube,view,3.83,5000,100000000,False,False,False,False,False,False,False,False,False,False,False,False,True,False,False,False,False,False,False,False,True,False,False,False,False,False,True,True,False,False,Korea,Unspecified,YouTube Views [SOUTH KOREA] [Lifetime Guaranteed] [1M Max]
873,YouTube,view,1.74,1000,10000000,False,False,False,False,False,False,False,False,False,False,False,False,True,False,False,False,False,False,False,False,True,False,False,False,False,False,True,True,False,False,Russia,Unspecified,YouTube Views [RUSSIA [Lifetime Guaranteed] [1M Max]
1028,YouTube,like,4.0,100,50000,False,False,False,False,False,False,False,False,False,False,False,False,True,False,False,False,False,False,False,False,False,False,False,False,False,False,True,True,False,False,Unspecified,Unspecified,YouTube Comment Likes [Upvote  Cheapest In the Market] [50k Max] ⚡️⭐
121,YouTube,like,7.69,10,20000,False,False,False,False,False,False,False,False,False,False,False,True,True,False,False,False,False,False,False,False,False,True,True,False,False,False,True,True,False,False,Unspecified,Unspecified,YouTube Comment Likes [Upvote] [20k Max] ⚡️⭐
122,YouTube,like,7.69,10,20000,False,False,False,False,False,False,False,False,False,False,False,True,True,False,False,False,False,False,False,False,False,True,True,False,False,False,True,True,False,False,Unspecified,Unspecified,YouTube Comment Dislikes  [Downvote] [20k Max] ⚡️⭐
1206,YouTube,like,0.87,50,50000,False,False,False,False,False,False,False,True,False,False,False,True,True,False,False,False,False,False,False,False,False,True,True,False,False,False,True,True,False,False,Unspecified,Unspecified,Youtube Likes [Cheapest Instant No Refill / No Refund] [200k Max]
1132,YouTube,like,1.6,50,30000,False,False,False,False,False,False,False,True,False,False,False,False,True,False,False,False,False,False,False,False,True,False,False,False,False,False,False,True,False,False,Unspecified,Unspecified,YouTube Likes ►► [1k-2k speed] [30 Days Refill Guarantee  Refill Button Available] [Max 30k]
1025,YouTube,like,4.9,30,50000,False,False,False,False,False,False,False,True,False,False,False,False,True,False,False,False,False,False,False,False,True,False,False,False,False,False,True,True,False,False,Unspecified,Unspecified,🆕  YouTube Likes ►► [500-1k speed] [30 Days Refill Guarantee] [Max 50k] [Recommended] 🔥
582,YouTube,like,6.0,50,100000,False,True,False,False,False,False,False,False,False,False,False,False,True,False,False,False,False,False,False,False,True,False,False,False,False,False,False,True,False,False,Unspecified,Unspecified,🆕  YouTube Real Likes ►► [3k-6k speed] [30 Days Refill Guarantee] [Max 100k] [Recommended] 🔥
1133,YouTube,like,2.9,20,20000,False,False,False,False,False,False,False,True,False,False,False,False,True,False,False,False,False,False,False,False,True,False,False,False,False,False,True,True,False,False,Unspecified,Unspecified,🆕  Youtube Likes [30 Days Refill  5-10k Speed/Day  Refill Button] [20k Max]
1136,YouTube,like,30.06,100,50000,False,False,False,False,False,False,False,True,False,False,False,False,True,False,False,False,False,True,False,False,False,False,False,False,False,True,True,True,False,False,Unspecified,Unspecified,🆕 Youtube Super Fast Likes (50k Max) [Lifetime Always Instant  Never Drop  HQ] [BEST] 🔥
1134,YouTube,like,3.6,50,50000,False,False,False,False,False,False,False,True,False,False,False,False,True,False,False,False,False,False,False,False,True,False,False,False,False,False,True,True,False,False,Unspecified,Unspecified,🆕  Youtube Likes [30 Days Refill  10-20k Speed/Day  Refill Button] [50k Max]
1088,YouTube,like,1.6,20,50000,False,False,False,False,False,False,False,True,False,False,False,True,True,False,False,False,False,False,False,False,False,True,True,False,False,False,True,True,False,False,Unspecified,Unspecified,Youtube Likes [Cheapest Instant  No Refill / No Refund] [50k Max]
1135,YouTube,like,26.1,100,20000,False,False,False,False,False,False,False,True,True,False,False,False,True,False,False,False,False,False,False,False,False,False,False,False,False,True,True,True,False,False,Unspecified,Unspecified,Youtube Fast Likes [Lifetime Warranty  Instant  Non-Drop] [20k Max]
1021,YouTube,like,2.61,50,10000,False,False,False,False,False,False,False,False,False,False,False,False,True,False,False,False,False,False,False,False,True,False,False,False,True,False,False,True,False,False,Unspecified,Unspecified,YouTube Slow Likes ►► [300-600 speed] [30 Days Refill Guarantee] [Max 10k]
1137,YouTube,like,1.87,50,200000,False,False,False,False,False,False,False,True,False,False,False,True,True,False,False,False,False,False,False,False,False,True,True,False,False,False,True,True,False,False,Unspecified,Unspecified,Youtube Likes [Cheapest Instant  No Refill / No Refund] [200k Max]
465,YouTube,like,1.74,20,500000,False,False,False,False,False,False,False,True,False,False,False,True,True,False,False,False,False,True,False,False,False,True,True,False,False,True,True,True,False,False,Unspecified,Unspecified,Youtube Likes [HQ  Super Fast  No Refill / Refund] [500k Max] ⚡️⚡️⭐
560,YouTube,like,12.53,10,400000,False,False,False,False,False,False,False,False,False,False,False,False,True,False,False,False,False,False,False,False,False,False,False,False,False,True,True,True,False,False,Unspecified,Unspecified,Youtube Fast Dislikes [30 Days Refill Warranty] [400k Max] ⚡️⚡️⭐
559,YouTube,like,9.57,20,400000,False,False,False,False,False,False,False,False,False,False,False,False,True,False,False,False,False,False,False,False,False,False,False,False,False,True,True,True,False,False,Unspecified,Unspecified,Youtube Fast Likes [30 Days Refill Warranty] [400k Max] ⚡️⚡️⭐
874,YouTube,like,12.53,10,500000,False,False,False,False,False,False,False,False,False,False,False,False,True,False,False,False,False,False,False,False,False,False,False,False,False,True,True,True,False,False,Unspecified,Unspecified,Youtube Dislikes [Super Fast  30 Days Refill] [500k Max] ⚡️⚡️⭐
581,YouTube,like,14.79,5,1200,False,False,False,False,False,False,False,False,False,False,False,False,True,False,False,False,False,False,False,False,True,False,False,False,True,False,True,True,False,False,USA,Unspecified,YouTube Slow USA Likes ►► [ 30 Days Refill Guarantee] [1.2k Max]
875,YouTube,like,6.96,5,4000,False,False,False,False,False,False,False,False,False,False,False,False,True,False,False,False,False,False,False,False,True,False,False,False,True,False,False,True,False,False,Unspecified,Unspecified,Youtube Slow Likes [10 Days Refill Warranty  50-100 Speed] [4k Max] ⚡️⚡️⭐
876,YouTube,like,6.96,5,2500,False,False,False,False,False,False,False,False,False,False,False,False,True,False,False,False,False,False,False,False,True,False,False,False,True,False,False,True,False,False,Unspecified,Unspecified,Youtube Slow Dislikes [10 Days Refill Warranty  50-100 Speed] [2.5k Max] ⚡️⚡️⭐
466,YouTube,like,11.6,20,320000,False,False,False,False,False,False,False,False,False,False,False,False,True,False,False,False,False,True,False,False,False,False,False,False,False,True,True,True,False,False,Unspecified,Unspecified,Youtube Dislikes [HQ  Super Fast  10 Days Refill Button] [320k Max] ⚡️⚡️⭐
877,YouTube,subscriber,17.4,5,1500,False,False,False,False,False,False,False,False,False,False,False,False,True,False,False,False,False,False,False,False,False,False,False,False,True,False,True,True,False,False,USA,Unspecified,♛ YouTube Slow USA Subscribers [30 Days Refill Warranty  30-50 subs/day] [1.5k Max] ⚡️
1022,YouTube,subscriber,17.4,20,2000,False,False,False,False,False,False,False,False,False,False,False,False,True,False,False,False,False,False,False,False,False,False,False,False,True,False,True,True,False,False,Unspecified,Unspecified,♛ YouTube Slow Subscribers [30 Days Refill Warranty  50-200 subs/day] [5k Max] ⚡️
878,YouTube,subscriber,17.4,20,2000,False,False,False,False,False,False,False,False,False,False,False,False,True,False,False,False,False,False,False,False,False,False,False,False,False,False,False,True,False,False,USA,Unspecified,♛ YouTube USA Subscribers [50 Days Refill Warranty  30-80 subs/day] [30k Max] ⚡️
1208,YouTube,comment,4.5,10,500000,False,False,False,False,False,False,False,False,False,False,True,False,False,False,False,False,False,True,False,False,False,False,False,False,False,False,True,False,False,False,Unspecified,Unspecified,♛ YouTube Video Custom Comments  [Instant HQ Cheapest In The Market] [200k Max]⚡️
879,YouTube,comment,9.43,10,6000,False,False,False,False,False,False,False,False,False,False,True,False,True,False,False,False,False,False,False,False,False,False,False,False,False,False,True,True,False,False,Unspecified,Unspecified,♛ YouTube Video Custom Comments  [6k Max] [Instant]⚡️
1138,YouTube,comment,9.43,10,8000,False,False,False,False,False,False,False,False,False,False,True,True,True,False,False,False,False,False,False,False,False,True,False,False,False,False,True,False,False,False,Unspecified,Unspecified,♛ YouTube Video Custom Comments  [8k Max] [Instant]⚡️
414,YouTube,comment,66.12,20,400,False,False,False,False,False,False,False,True,False,False,True,False,True,False,False,False,False,False,False,False,False,True,True,False,False,False,False,True,True,False,USA,Unspecified,♛ YouTube Custom Comments [USA Accounts] [400 Max]⚡️⭐
569,YouTube,comment,43.5,15,85,False,False,False,False,False,False,False,False,False,True,False,False,False,False,True,True,False,True,False,False,False,False,False,False,False,False,True,False,False,False,USA,Unspecified,♛ YouTube HQ FEMALE Comments ►► [Random] [USA] [Instant  Lifetime Guarranteed] [85 Max]
568,YouTube,comment,48.72,20,250,False,False,False,False,False,False,False,False,False,True,False,False,False,False,False,False,False,False,False,False,False,False,False,False,False,False,True,False,False,False,USA,Unspecified,♛ YouTube Instant Random Comments ►► [USA] [High Quality] [Lifetime Guarranteed][250 Max]
570,YouTube,comment,60.9,15,85,False,False,False,False,False,False,False,False,False,False,True,False,False,False,True,True,False,True,False,False,False,False,False,False,False,False,True,False,False,False,USA,Unspecified,♛ YouTube HQ Instant FEMALE Comments ►►[Custom] [USA] [Lifetime Guarranteed] [85 Max]⭐⚡️
571,YouTube,comment,43.5,20,90,False,False,False,False,False,False,False,False,False,True,False,False,False,False,False,False,False,False,False,False,False,False,False,False,False,False,True,False,False,False,India,Unspecified,♛ YouTube High Quality Random Comments►► [INDIA] [Instant] [90 Max]
572,YouTube,comment,60.9,20,90,False,False,False,False,False,False,False,False,False,False,True,False,False,False,False,False,False,False,False,False,False,False,False,False,False,False,True,False,False,False,India,Unspecified,♛ YouTube High Quality Custom Comments ►► [INDIA] [Instant] [90 Max]⭐⚡️
574,YouTube,comment,60.9,10,90,False,False,False,False,False,False,False,False,False,False,True,False,False,False,False,False,False,False,False,False,False,False,False,False,False,False,False,False,False,False,Brazil,Unspecified,♛ YouTube Custom Comments ►► [BRAZIL] [Lifetime Guarranteed] [90 Max]
573,YouTube,comment,43.5,15,90,False,False,False,False,False,False,False,False,False,True,False,False,False,False,False,False,False,False,False,False,False,False,False,False,False,False,False,False,False,False,Brazil,Unspecified,♛ YouTube Random Comments ►► [BRAZIL] [Lifetime Guarranteed] [90 Max]
575,YouTube,comment,43.5,15,85,False,False,False,False,False,False,False,False,False,True,False,False,False,False,False,False,False,False,False,False,False,False,False,False,False,False,False,False,False,False,Russia,Unspecified,♛ YouTube Random Comments ►► [RUSSIAN] [Lifetime Guarranteed] [85 Max]
576,YouTube,comment,60.9,15,85,False,False,False,False,False,False,False,False,False,False,True,False,False,False,False,False,False,False,False,False,False,False,False,False,False,False,False,False,False,False,Russia,Unspecified,♛ YouTube Custom Comments ►► [RUSSIAN] [Lifetime Guarranteed] [85 Max]
579,YouTube,comment,60.9,15,90,False,False,False,False,False,False,False,False,False,False,True,False,False,False,False,False,False,False,False,False,False,False,False,False,False,False,False,False,False,False,Japan,Unspecified,♛ YouTube Custom Comment ►►[JAPAN] [Lifetime Guarranteed] [90 max]
133,YouTube,share,1.6,50,400000,False,False,False,False,False,False,False,False,False,True,False,False,True,False,False,False,False,False,False,False,True,False,False,False,False,False,False,False,False,False,Unspecified,Unspecified,♛ YouTube Video Share Random [400k Max] ⚡️⭐
376,YouTube,share,2.18,50,10000,False,False,False,False,False,False,False,False,False,False,False,False,True,False,False,False,False,False,False,False,True,False,False,False,False,False,False,False,False,False,USA,Unspecified,♛ YouTube Shares [USA] [10k Max] ⚡️⭐
132,YouTube,share,1.31,100,90000,False,False,False,False,False,False,False,False,False,False,False,False,True,False,False,False,False,False,False,False,True,False,False,False,False,False,False,False,False,False,Unspecified,Unspecified,♛ YouTube Shares [Pinterest Refferer] [90k Max] ⚡️⭐
476,YouTube,share,1.31,100,100000,False,False,False,False,False,False,False,False,False,False,False,False,True,False,False,False,False,False,False,False,True,False,False,False,False,False,False,False,False,False,Unspecified,Unspecified,♛ YouTube Shares [Facebook Refferer] [100k Max] ⚡️⭐
477,YouTube,share,1.31,100,200000,False,False,False,False,False,False,False,False,False,False,False,False,True,False,False,False,False,False,False,False,True,False,False,False,False,False,False,False,False,False,Unspecified,Unspecified,♛ YouTube Shares [Twitter Refferer] [200k Max] ⚡️⭐
479,YouTube,share,1.31,100,200000,False,False,False,False,False,False,False,False,False,False,False,False,True,False,False,False,False,False,False,False,True,False,False,False,False,False,False,False,False,False,Unspecified,Unspecified,♛ YouTube Shares [Tumblr Refferer] [200k Max] ⚡️⭐
1139,YouTube,share,1.31,100,200000,False,False,False,False,False,False,False,False,False,False,False,False,True,False,False,False,False,False,False,False,True,False,False,False,False,False,False,False,False,False,Unspecified,Unspecified,♛ YouTube Shares [Linkedin Refferer] [200k Max] ⚡️⭐
1140,YouTube,share,1.31,100,200000,False,False,False,False,False,False,False,False,False,False,False,False,True,False,False,False,False,False,False,False,True,False,False,False,False,False,False,False,False,False,Unspecified,Unspecified,♛ YouTube Shares [Blogger Refferer] [200k Max] ⚡️⭐
1141,YouTube,share,1.31,100,200000,False,False,False,False,False,False,False,False,False,False,False,False,True,False,False,False,False,False,False,False,True,False,False,False,False,False,False,False,False,False,Unspecified,Unspecified,♛ YouTube Shares [Stumbleupon Refferer] [200k Max] ⚡️⭐
134,YouTube,share,1.31,100,200000,False,False,False,False,False,False,False,False,False,False,False,False,True,False,False,False,False,False,False,False,True,False,False,False,False,False,False,False,False,False,Unspecified,Unspecified,YouTube Shares [VK Refferer] [200k Max] ⚡️
478,YouTube,share,1.31,100,200000,False,False,False,False,False,False,False,False,False,False,False,False,True,False,False,False,False,False,False,False,True,False,False,False,False,False,False,False,False,False,Unspecified,Unspecified,YouTube Shares [Odnoklassniki Refferer] [200k Max] ⚡
480,YouTube,share,1.31,100,200000,False,False,False,False,False,False,False,False,False,False,False,False,True,False,False,False,False,False,False,False,True,False,False,False,False,False,False,False,False,False,Unspecified,Unspecified,YouTube Shares [Reddit Refferer] [200k Max] ⚡️
135,YouTube,favorite,10.0,100,5000,False,False,False,False,False,False,False,False,False,False,False,False,True,False,False,False,False,True,False,False,True,False,False,False,False,False,True,False,False,False,Unspecified,Unspecified,♛ YouTube Favorite [Instant  HQ] [5k Max] ⚡️⭐
136,YouTube,favorite,15.0,100,150000,False,False,False,False,False,False,False,False,False,False,False,False,True,False,False,False,False,False,False,False,True,False,False,False,False,True,False,True,False,False,Unspecified,Unspecified,♛ YouTube Favorite [Super Fast Max 150K] [Speed 20k-30k/Day] ⚡️⭐
881,YouTube,view,4.86,1000,100000,False,True,False,False,False,False,False,False,False,False,False,False,False,False,False,False,False,False,False,False,True,False,False,False,False,False,True,False,True,True,Unspecified,Unspecified,Youtube Monetizable Live Stream Views [100k Max]
882,YouTube,view,4.86,1000,100000,False,True,False,False,False,False,False,False,False,False,False,False,False,False,False,False,False,False,False,False,True,False,False,False,False,True,True,False,False,False,Unspecified,Unspecified,Youtube (S2) Monetizable Live Stream Views [Super Fast  Real] [100k Max]
884,YouTube,view,0.7,1000,10000,False,True,False,False,False,False,False,False,False,False,False,False,True,False,False,False,False,False,False,False,False,False,False,False,False,False,True,True,False,False,Unspecified,Unspecified,Youtube REAL Premiere Views [10k Max]
464,YouTube,view,4.86,1000,100000,False,True,False,False,False,False,False,False,False,False,False,False,False,False,False,False,False,False,False,False,True,False,False,False,False,False,True,False,False,False,Unspecified,Unspecified,YouTube Live Stream Views ►► [Real Human  Monetizable  Social Reffered] [100k Max] ⚡️⚡️
1207,Instagram,follower,0.58,20,30000,False,False,False,False,False,False,False,True,False,False,False,True,True,False,False,False,False,False,False,False,False,True,True,False,False,False,True,True,False,False,Unspecified,Unspecified,Instagram Followers [High Drop] [5-20k Speed/Day  No Refill / No Refund] [30k Max]
1146,Instagram,follower,1.89,100,75000,False,True,True,False,False,False,False,True,False,False,False,True,True,False,False,False,False,False,False,False,False,True,True,False,False,False,True,True,True,True,Unspecified,Unspecified,🆕  Instagram Followers [75k Max] [Good Quality  Avatar No Refill / No Refund] [Instant] [Recommended] 🔥
1142,Instagram,follower,0.87,10,30000,False,False,True,False,False,False,False,True,False,False,False,True,True,False,False,False,False,False,False,False,False,True,True,False,False,False,False,True,True,False,Unspecified,Unspecified,🆕 Instagram Bot Followers [High Drop  5k Speed Per Day  No Refill / No Refund] [30k Max]
1143,Instagram,follower,0.93,10,25000,False,False,False,False,False,False,False,True,False,False,False,True,True,False,False,False,False,False,False,False,False,True,True,False,False,False,False,True,True,False,Unspecified,Unspecified,🆕 Instagram Spam Followers [Good for spam  5-10k Speed Per Day  No Refill / No Refund] [Read Description] 🔥
1144,Instagram,follower,1.53,20,3000,False,True,True,False,False,False,False,True,False,False,False,True,True,False,False,False,False,False,False,False,False,True,True,False,False,False,False,True,True,True,Unspecified,Unspecified,🆕  Instagram Followers [10k Max] [Medium Quality  0-3hrs  No Refill / No Refund]
1024,Instagram,follower,7.98,250,8000,False,False,False,False,False,False,False,True,False,False,False,True,True,False,False,False,False,False,False,False,False,True,True,False,False,True,True,True,True,False,Unspecified,Unspecified,Instagram Followers Super Fast [8k Max] [High Quality  25k/Speed  No Refill / Refund] [Best Service]
1145,Instagram,follower,1.68,50,25000,False,True,False,False,False,False,False,True,False,False,False,True,True,False,False,False,False,False,False,False,False,True,True,False,False,False,True,True,True,False,Unspecified,Unspecified,🆕  Instagram Followers [25k Max] [Good Quality  No Refill / No Refund] [Instant]
890,Instagram,follower,8.2,150,18000,False,False,False,False,False,False,False,True,False,False,False,True,True,False,False,False,False,False,False,False,False,True,True,False,False,True,True,False,True,False,Unspecified,Unspecified,Instagram Super Fast Followers [18k Max] [High Quality  20k/Speed  No Refill / Refund] [Recommended]
1023,Instagram,follower,3.34,50,200000,False,False,False,False,False,False,False,True,False,False,False,True,True,False,False,False,False,False,False,False,False,True,True,False,False,False,False,True,True,False,Unspecified,Unspecified,Instagram Followers [200k Max] [Low Quality  10-20k/Speed  No Refill / Refund]
889,Instagram,follower,4.0,100,15000,False,False,False,False,False,False,False,True,False,False,False,True,True,False,False,False,False,False,False,False,False,True,True,False,False,False,True,True,True,False,Unspecified,Unspecified,Instagram Followers [15k Max] [High Quality  15k/Speed  No Refill / Refund] [Best Service]
1147,Instagram,follower,2.32,100,6000,False,False,False,False,False,False,False,False,False,False,False,False,True,False,False,False,False,False,False,False,False,False,False,False,False,False,True,True,False,False,Unspecified,Unspecified,🆕 Instagram Followers [6k Max] [30 Days Refill  1-3k Speed Per Day]
1148,Instagram,follower,0.8,20,20000,False,False,False,False,False,False,False,False,False,False,False,False,True,False,False,False,False,False,False,False,False,False,False,False,False,False,True,True,False,False,Unspecified,Unspecified,Instagram Followers [10k Max] [7 Days Refill  Low Quality  0-3hrs]
1154,Instagram,follower,3.27,100,100000,False,False,False,False,False,False,False,True,False,False,False,False,True,False,False,False,False,True,False,False,False,False,False,False,False,False,True,True,False,False,Unspecified,Unspecified,Instagram Followers [100k Max] [45 Days Refill  HQ Accounts  Low Drop]
895,Instagram,follower,2.48,100,5000,False,False,False,False,False,False,False,False,False,False,False,False,True,False,False,False,False,False,False,False,False,False,False,False,False,False,True,True,False,False,Unspecified,Unspecified,🆕 Instagram Followers [12k Max] [30 Days Refill  3-6k Speed Per Day] 🔥
892,Instagram,follower,5.52,200,200000,False,False,False,False,False,False,False,False,False,False,False,False,True,False,False,False,False,True,False,False,False,False,False,False,False,False,True,True,False,False,Unspecified,Unspecified,Instagram HQ Followers [200k Max] [30 Days Refill  2-10k Speed Per Day] [Recommended]
516,Instagram,follower,5.5,100,50000,False,True,False,False,False,False,False,False,False,False,False,False,True,False,False,False,False,False,False,False,False,False,False,False,False,False,True,True,False,False,Unspecified,Unspecified,🆕 Instagram Real Followers [50k Max] [30 Days Refill  5-10k/Speed] 🔥
1149,Instagram,follower,3.26,20,70000,False,False,False,False,False,False,False,False,False,False,False,False,True,False,False,False,False,False,False,False,False,False,False,False,False,False,True,True,False,False,Unspecified,Unspecified,🆕 Instagram Followers [500k Max] [90 Days Refill  2-5k Speed Per Day  Refill Button Available]
894,Instagram,follower,6.53,300,5000,False,False,False,False,False,False,False,False,False,False,False,False,True,False,False,False,False,False,False,False,False,False,False,False,False,False,True,True,False,False,Unspecified,Unspecified,Instagram Followers [5k Max] [30 Days Refill  5k/Speed]
1150,Instagram,follower,4.14,50,20000,False,True,True,False,False,False,False,False,False,False,False,False,True,False,False,False,False,False,False,False,False,False,False,False,False,False,True,True,False,True,Unspecified,Unspecified,Instagram Followers [Real+Bot  0-3hrs  Refill / Cancel Button  6-12k/Day] [20k Max]
896,Instagram,follower,3.05,20,70000,False,False,False,False,False,False,False,False,False,False,False,False,True,False,False,False,False,False,False,False,False,False,False,False,False,False,True,True,False,False,Unspecified,Unspecified,🆕 Instagram Followers [200k Max] [90 Days Refill  2-5k Speed Per Day  Refill Button Available]
1153,Instagram,follower,3.48,50,6000,False,True,True,False,False,False,False,True,False,False,False,False,True,False,False,False,False,False,False,False,False,False,False,False,False,False,True,True,False,True,Unspecified,Unspecified,Instagram Followers [Real + Bot  2-3k/Day  Refill Button  30 Days Refill] [6k Max]
1152,Instagram,follower,4.42,50,50000,False,True,True,False,False,False,False,False,False,False,False,False,True,False,False,False,False,False,False,False,False,False,False,False,False,False,True,True,False,True,Unspecified,Unspecified,Instagram Followers [Real+Bot  0-3hrs  Refill / Cancel Button  6-12k/Day] [50k Max]
850,Instagram,follower,6.75,150,15000,False,False,False,False,False,False,False,False,False,False,False,False,True,False,False,False,False,False,False,False,False,False,False,False,False,False,True,True,False,False,Unspecified,Unspecified,Instagram Followers [15k Max] [30 Days Refill  5-10k Speed Per Day] [Recommended]
855,Instagram,follower,8.56,300,50000,False,True,False,False,False,False,False,False,False,False,False,False,True,False,False,False,False,False,False,False,False,False,False,False,False,False,True,True,False,False,Unspecified,Unspecified,Instagram Real Followers [50k Max] [Auto Refill 30 Days  Recommended] [BEST SERVICE]⚡️⚡⭐
893,Instagram,follower,7.88,150,15000,False,False,False,False,False,False,False,False,False,False,False,False,True,False,False,False,False,False,False,False,False,False,False,False,False,True,True,True,False,False,Unspecified,Unspecified,Instagram Fast Followers [15k Max] [30 Days Refill  10k/ Speed Per Day] [Fast Start]
854,Instagram,follower,7.76,100,45000,False,True,False,False,False,False,False,False,False,False,False,False,True,False,False,False,False,False,False,False,False,False,False,False,False,False,True,True,False,False,Unspecified,Unspecified,Instagram Real Followers [45k Max] [Auto Refill 30 Days  20-30k/Speed]
1168,Instagram,like,0.48,20,30000,False,False,False,False,False,False,False,True,False,False,False,False,True,False,False,False,False,False,False,False,False,True,True,False,False,False,True,True,True,False,Unspecified,Unspecified,🆕 Instagram Likes [Low Quality 1-2k/Day Instant-2hrs] [30k Max]
1174,Instagram,like,0.8,20,10000,False,False,False,False,False,False,False,True,False,False,False,False,True,False,False,False,False,False,False,False,False,True,True,False,False,False,True,True,True,False,Unspecified,Unspecified,🆕 Instagram High Quality Likes [Profile Picture Low Drop] [10k Max] [Recommended]💧🔥
1165,Instagram,like,0.76,50,20000,False,False,False,False,False,False,False,True,False,False,False,False,True,False,False,False,False,False,False,False,False,True,True,False,False,False,True,True,True,False,Unspecified,Unspecified,Instagram Likes [Instant  Good Quality Picture ] [20k Max]
1169,Instagram,like,0.5,20,20000,False,False,False,False,False,False,False,True,False,False,False,False,True,False,False,False,False,False,False,False,False,True,True,False,False,False,True,True,True,False,Unspecified,Unspecified,Instagram Likes [Instant  Medium Quality] [20k Max]
1175,Instagram,like,0.9,50,100000,False,True,False,False,False,False,False,True,False,False,False,False,True,False,False,False,False,True,False,False,False,True,True,False,False,False,True,True,True,False,Unspecified,Unspecified,Instagram Real Looking Likes [HQ Instant] [100k Max]
1170,Instagram,like,1.22,10,50000,False,False,False,False,False,False,False,False,False,False,False,False,True,False,False,False,False,False,False,False,False,False,False,False,False,False,True,True,False,True,Unspecified,Unspecified,Instagram Likes + Impression [Low Quality  20k/Day Instant  30 Days Refill] [50k Max]
1167,Instagram,like,0.44,25,10000,False,False,False,False,False,False,False,True,False,False,False,False,True,False,False,False,False,False,False,False,False,True,True,False,False,False,True,True,True,False,Unspecified,Unspecified,🆕 Instagram Likes [Low Quality 200-500/Day] [10k Max]
1172,Instagram,like,1.35,50,200000,False,False,False,False,False,False,False,False,False,False,False,False,True,False,False,False,False,False,False,False,False,False,False,False,False,False,True,True,False,True,Unspecified,Unspecified,Instagram Likes + Impression [Medium Quality  50k/Day Instant  30 Days Refill] [200k Max]
1171,Instagram,like,0.7,10,100000,False,False,False,False,False,False,False,True,False,False,False,False,True,False,False,False,False,False,False,False,False,True,True,False,False,True,True,True,True,False,Unspecified,Unspecified,Instagram Likes [Profile Picture Available 100k/Day Super Fast] [100k Max]
1173,Instagram,like,0.48,20,30000,False,False,False,False,False,False,False,True,False,False,False,False,True,False,False,False,False,False,False,False,False,True,True,False,False,False,True,True,True,False,Unspecified,Unspecified,🆕 Instagram Likes [Low Quality 1-2k/Day Instant-2hrs] [30k Max]
899,Instagram,like,0.77,20,7000,False,False,False,False,False,False,False,True,True,False,False,True,True,False,False,False,False,False,False,False,False,False,False,False,False,False,True,True,False,False,Unspecified,Unspecified,Instagram Medium Quality Likes [Instant  1-5k/ Speed]  [Max 7K]⚡️
1176,Instagram,like,0.86,20,30000,False,False,False,False,False,False,False,True,True,False,False,True,True,False,False,False,False,False,False,False,False,False,False,False,False,False,True,True,False,False,Unspecified,Unspecified,🆕 Instagram Likes [High Quality Non Drop] [30k Max] 🔥🔥
1177,Instagram,like,0.92,20,100000,False,False,False,False,False,False,False,True,True,False,False,True,True,False,False,False,False,True,False,False,False,False,False,False,False,True,True,True,False,False,Unspecified,Unspecified,🆕  Instagram Super Fast Likes [Recommended Non Drop  HQ] [100k Max] 🔥
827,Instagram,like,1.45,50,50000,False,False,False,False,False,False,False,True,True,False,False,True,True,False,False,False,False,False,False,False,False,False,False,False,False,False,True,True,False,False,Unspecified,Unspecified,Instagram SUPER INSTANT Likes [Recommended  Speed 5-10k per day] [Max 50 K]⚡️
1178,Instagram,like,0.87,100,75000,False,False,False,False,False,False,False,True,True,False,False,True,True,False,False,False,False,False,False,False,False,False,False,False,False,False,True,True,False,False,Unspecified,Unspecified,🆕 Instagram Likes [Non Drop  5k Speed Per Day] [75k Max]
1181,Instagram,like,2.06,10,25000,False,True,False,False,False,False,False,True,False,False,False,False,True,False,False,False,False,True,False,False,False,False,False,False,False,True,True,True,False,False,Unspecified,Unspecified,🆕 Instagram Real Likes [FASTEST] [Non Drop  HQ Instant] [25k Max]
900,Instagram,like,1.75,50,200000,False,False,False,False,False,False,False,True,True,False,False,True,True,False,False,False,False,True,False,False,False,False,False,False,False,True,True,True,False,False,Unspecified,Unspecified,Instagram HQ SUPERFAST Likes [Speed 5-20k per day] [Max 200K]⚡️ [Recommended]
1179,Instagram,like,1.74,20,15000,False,True,False,False,False,False,False,True,True,False,False,True,True,False,False,False,False,False,False,False,False,False,False,False,True,False,True,False,False,False,Unspecified,Unspecified,🆕 Instagram Real Likes [Natural Pattern NON DROP  Instant] [15k Max] [Good For Slow Likes]
903,Instagram,like,1.19,100,20000,False,False,False,False,False,False,False,True,True,False,False,True,True,False,False,False,False,True,False,False,False,False,False,False,False,False,True,False,True,False,Unspecified,Unspecified,Instagram HQ Likes Exclusive [Instant] [20k Max] [10k-20k Speed Per hour]
1180,Instagram,like,1.31,50,50000,False,True,False,False,False,False,False,True,True,False,False,True,True,False,False,False,False,False,False,False,False,False,False,False,False,False,True,False,True,False,Unspecified,Unspecified,🆕 Instagram SUPER Real Likes [1-3k Speed Per Hour] [Max 25K] 🔥
853,Instagram,like,1.4,20,4000,False,False,False,False,False,False,False,True,True,False,False,True,True,False,False,False,False,False,False,False,False,False,False,False,False,True,True,False,True,False,Unspecified,Unspecified,Instagram Medium Quality INSTANT Likes  [Max 4K]⚡️
852,Instagram,like,1.45,50,9000,False,False,False,False,False,False,False,True,True,False,False,True,True,False,False,False,False,False,False,False,False,False,False,False,False,False,True,False,True,False,Unspecified,Unspecified,Instagram INSTANT Likes [2k Speed Per Hour] [Max 9K]⚡️
826,Instagram,like,1.89,100,2000,False,False,False,False,False,False,False,True,True,False,False,True,True,False,False,False,False,False,False,False,False,False,False,False,False,False,True,False,True,False,Unspecified,Unspecified,Instagram Likes ►► [MAX 2k] [Super Instant  Non Drop] ⭐
815,Instagram,like,2.72,100,10000,False,False,False,False,False,False,False,False,False,False,False,False,True,False,False,False,False,False,False,False,False,True,True,False,False,False,True,True,False,False,Arab,Unspecified,♛ Instagram [ARAB] Likes [INSTANT]  [Max 10k]
905,Instagram,like,2.72,100,10000,False,False,False,False,False,False,False,False,False,False,False,False,True,False,False,False,False,False,False,False,False,True,True,False,False,False,True,True,False,False,Iran,Unspecified,♛ Instagram [IRAN] Likes [2k Max]
906,Instagram,like,25.23,5,2000,False,False,False,False,False,False,False,False,False,False,False,False,True,False,False,False,False,False,False,False,False,True,True,False,False,False,True,True,False,False,Russia,Unspecified,♛ Instagram [Russian] Likes [5k Max]
923,Instagram,like,0.44,20,20000,False,False,False,False,False,False,False,True,False,False,False,False,True,False,False,False,False,False,False,False,False,True,True,False,False,False,True,True,True,False,Unspecified,Unspecified,♛ Instagram Low Quality Auto Likes [Instant  1-3k/ Speed] [Max 10K]⚡️
926,Instagram,like,0.5,20,7000,False,False,False,False,False,False,False,True,False,False,False,False,True,False,False,False,False,False,False,False,False,True,True,False,False,False,True,True,True,False,Unspecified,Unspecified,♛ Instagram Medium Quality Auto Likes [Instant  1-5k/ Speed] [Max 7K]⚡️ [Recommended]
927,Instagram,like,0.93,20,10000,False,False,False,False,False,False,False,True,False,False,False,False,True,False,False,False,False,True,False,False,False,True,True,False,False,True,True,False,True,False,Unspecified,Unspecified,♛ Instagram SuperFast Auto Likes [10k Max] [10k/ Speed Per hour  HQ]
928,Instagram,like,3.19,10,30000,False,False,False,False,False,False,False,False,False,False,False,False,True,False,False,False,False,False,False,False,False,True,True,False,False,False,True,True,False,True,USA,Unspecified,♛ Instagram [USA] Auto Likes + Impressions [15k Max]
912,Instagram,view,0.02,200,10000000,False,False,False,False,False,False,False,False,False,False,False,False,False,False,False,False,False,False,False,False,False,False,False,False,False,False,True,True,False,False,Unspecified,Unspecified,❤️♛💧 Instagram Cheapest Views [10M/Day] [50M Max]
915,Instagram,view,0.03,100,100000000,False,False,False,False,False,False,False,False,False,False,False,False,False,False,False,False,False,False,False,False,False,False,False,False,False,False,True,True,False,True,Unspecified,Unspecified,❤️♛💧 Instagram Views + Impression + Reach [1-3M/DAY] [100M Max]
914,Instagram,view,0.03,100,50000000,False,False,False,False,False,False,False,False,False,False,False,False,False,False,False,False,False,False,False,False,False,False,False,False,False,False,True,True,False,False,Unspecified,Unspecified,❤️♛💧 Instagram Cheap Views and Impression [100-200K/DAY] [50M Max]
917,Instagram,view,0.11,100,1200000,False,True,False,False,False,False,False,False,False,False,False,False,False,False,False,False,False,False,False,False,False,False,False,False,False,False,True,True,False,True,Unspecified,Unspecified,❤️♛💧 Instagram Real Views + Impression + Profile Visit [200K-600k/DAY] [1.2M Max]
916,Instagram,view,0.07,100,500000,False,True,False,False,False,False,False,False,False,False,False,False,False,False,False,False,False,False,False,False,False,False,False,False,False,False,True,True,False,True,Unspecified,Unspecified,❤️♛💧 Instagram Real Views + Impression + Profile Visit [100K-500k/DAY] [500k Max]
919,Instagram,view,0.05,100,1000000,False,False,False,False,False,False,False,False,False,True,False,False,False,False,False,False,False,False,False,False,False,False,False,False,False,False,True,True,False,False,Unspecified,Unspecified,❤️♛💧 Instagram Views and Impression [RANDOM] [300-500K/DAY] [1M Max]
920,Instagram,view,0.06,100,4000000,False,False,False,False,False,False,False,False,False,False,False,False,False,False,False,False,False,False,False,False,False,False,False,False,False,False,True,True,False,False,Unspecified,Unspecified,❤️♛💧 Instagram Views and Impression [LOCATION] [600K/DAY] [4M Max]
921,Instagram,view,0.06,100,4000000,False,False,False,False,False,False,False,False,False,False,False,False,False,False,False,False,False,False,False,False,False,False,False,False,False,False,True,True,False,False,Unspecified,Unspecified,❤️♛💧 Instagram Views and Impression [HOME] [600K/DAY] [4M Max]
922,Instagram,view,0.06,100,4000000,False,False,False,False,False,False,False,False,False,False,False,False,False,False,False,False,False,False,False,False,False,False,False,False,False,False,True,True,False,False,Unspecified,Unspecified,❤️♛💧 Instagram Views and Impression [EXPLORE] [600K/DAY] [4M Max]
913,Instagram,view,0.15,500,80000000,False,False,False,False,False,False,False,False,False,False,False,False,False,False,False,False,False,False,False,False,False,False,False,False,False,False,True,True,False,False,Unspecified,Unspecified,❤️♛💧 Instagram Cheapest Views [80M/Day] [80M Max]
398,Instagram,view,0.04,100,1000000,False,False,False,False,False,False,False,False,False,False,False,False,False,False,False,False,False,False,False,False,False,False,False,False,False,True,True,True,False,False,Unspecified,Unspecified,❤️♛💧 Instagram Cheap Fast Views [1M/Day] [1M Max]
909,Instagram,view,0.04,100,6000000,False,False,False,False,False,False,False,False,False,False,False,False,False,False,False,False,False,False,False,False,False,False,False,False,False,True,True,True,False,False,Unspecified,Unspecified,❤️♛💧 Instagram Cheap Fast Views [3M/Day] [6M Max]
165,Instagram,view,0.29,100,45000,False,True,False,False,False,False,False,False,False,False,False,False,True,False,False,False,False,True,False,False,False,True,True,False,False,False,True,True,False,False,USA,Unspecified,♛❤️💧 Instagram Views [USA] ►► HQ (Unlimited  Instant  Real) [45k Max]
174,Instagram,view,0.29,100,45000,False,True,False,False,False,False,False,False,False,False,False,False,True,False,False,False,False,True,False,False,False,True,True,False,False,False,True,True,False,False,UK,Unspecified,♛❤️💧 Instagram Views [UK] ►► HQ (Unlimited  Instant  Real) [45k Max]
171,Instagram,view,0.29,100,45000,False,True,False,False,False,False,False,False,False,False,False,False,True,False,False,False,False,True,False,False,False,True,True,False,False,False,True,True,False,False,France,Unspecified,♛💧 Instagram Views [French] ►► HQ (Unlimited  Instant  Real) [45k Max]
169,Instagram,view,0.29,100,50000,False,True,False,False,False,False,False,False,False,False,False,False,True,False,False,False,False,True,False,False,False,True,True,False,False,False,True,True,False,False,Unspecified,Unspecified,♛💧 Instagram Views [Dubai] ►► HQ (Unlimited  Instant  Real) [50k Max]
166,Instagram,view,1.74,20,30000,False,True,False,False,False,False,False,False,False,False,False,False,True,False,False,False,False,True,False,False,False,True,True,False,False,False,True,True,False,False,China,Unspecified,♛💧 Instagram Views [China] ►► HQ (Unlimited  Instant  Real)
935,Instagram,view,0.03,100,100000000,False,False,False,False,False,False,False,False,False,False,False,False,False,False,False,False,False,False,False,False,False,False,False,False,False,False,True,True,False,True,Unspecified,Unspecified,❤️♛💧 Instagram Auto Views + Impression + Reach [1-3M/DAY] [100M Max]
933,Instagram,view,0.11,100,1200000,False,True,False,False,False,False,False,False,False,False,False,False,False,False,False,False,False,False,False,False,False,False,False,False,False,False,True,True,False,True,Unspecified,Unspecified,❤️♛💧 Instagram Real Auto Views + Impression + Profile Visit [200K-600k/DAY] [1.2M Max]
934,Instagram,view,0.03,100,50000000,False,False,False,False,False,False,False,False,False,False,False,False,False,False,False,False,False,False,False,False,False,False,False,False,False,False,True,True,False,False,Unspecified,Unspecified,❤️♛💧 Instagram Cheap Auto Views and Impression [100-200K/DAY] [50M Max]
940,Instagram,view,0.04,100,1000000,False,False,False,False,False,False,False,False,False,False,False,False,False,False,False,False,False,False,False,False,False,False,False,False,False,True,True,True,False,False,Unspecified,Unspecified,❤️♛💧 Instagram Cheap Auto Fast Views [1M/Day] [1M Max]
936,Instagram,view,0.05,100,1000000,False,False,False,False,False,False,False,False,False,True,False,False,False,False,False,False,False,False,False,False,False,False,False,False,False,False,True,True,False,False,Unspecified,Unspecified,❤️♛💧 Instagram Auto Views and Impression [RANDOM] [300-500K/DAY] [1M Max]
937,Instagram,view,0.06,100,4000000,False,False,False,False,False,False,False,False,False,False,False,False,False,False,False,False,False,False,False,False,False,False,False,False,False,False,True,True,False,False,Unspecified,Unspecified,❤️♛💧 Instagram Auto Views and Impression [LOCATION] [600K/DAY] [4M Max]
938,Instagram,view,0.06,100,4000000,False,False,False,False,False,False,False,False,False,False,False,False,False,False,False,False,False,False,False,False,False,False,False,False,False,False,True,True,False,False,Unspecified,Unspecified,❤️♛💧 Instagram Auto Views and Impression [HOME] [600K/DAY] [4M Max]
939,Instagram,view,0.06,100,4000000,False,False,False,False,False,False,False,False,False,False,False,False,False,False,False,False,False,False,False,False,False,False,False,False,False,False,True,True,False,False,Unspecified,Unspecified,❤️♛💧 Instagram Auto Views and Impression [EXPLORE] [600K/DAY] [4M Max]
555,Instagram,comment,29.0,5,1000,False,False,False,False,False,False,False,False,False,False,True,True,True,False,False,False,False,True,False,False,False,False,False,False,False,True,True,True,False,False,Unspecified,Unspecified,♛💧 Instagram Super Fast HQ Custom Comments HQ [Max 1k]
942,Instagram,comment,29.0,5,800,False,False,False,False,False,False,False,False,False,True,False,True,True,False,False,False,False,False,False,False,False,False,False,False,False,False,True,True,False,False,Unspecified,Unspecified,♛💧 Instagram Random Comments [Max 800]
943,Instagram,comment,468.0,5,200,False,False,False,False,False,False,False,False,False,False,True,True,True,False,False,False,False,False,False,False,False,False,False,False,False,False,True,True,False,False,Unspecified,Unspecified,♛❤️ Instagram Custom Comments Reply [200 Max]
180,Instagram,saves,0.04,10,10000,False,False,False,False,False,False,False,False,False,False,False,True,True,False,False,False,False,False,False,False,False,False,False,False,False,False,True,True,False,False,Unspecified,Unspecified,♛ Instagram Saves [10k Max] [Instant] [2-8k/Day]
946,Instagram,saves,0.27,200,40000,False,False,False,False,False,False,False,False,False,False,False,True,True,False,False,False,False,True,False,False,False,False,False,False,False,False,True,True,False,False,Unspecified,Unspecified,♛ Instagram Saves HQ [40k Max] [Instant] [40k/Day  Recommended]
945,Instagram,saves,0.22,500,15000,False,False,False,False,False,False,False,False,False,False,False,True,True,False,False,False,False,False,False,False,False,False,False,False,False,True,True,True,False,False,Unspecified,Unspecified,♛ Instagram Saves Super Fast [15k Max] [Instant] [15k/Day]
944,Instagram,saves,0.15,10,35000,False,False,False,False,False,False,False,False,False,False,False,True,True,False,False,False,False,False,False,False,False,False,False,False,False,False,True,True,False,False,Unspecified,Unspecified,♛ Instagram Saves Instant [35k Max] [Instant] [10-15k/Day]
947,Instagram,impression,0.03,25,10000,False,False,False,False,False,False,False,False,False,False,False,True,True,False,False,False,False,False,False,False,False,False,False,False,False,False,True,True,False,True,Unspecified,Unspecified,♛ Instagram Impressions + Reach [Instant  2-5k/Day] [10k Max]
948,Instagram,impression,0.07,100,1500000,False,False,False,False,False,False,False,False,False,False,False,True,True,False,False,False,False,False,False,False,False,False,False,False,False,False,True,True,False,False,Unspecified,Unspecified,♛ Instagram Impressions  [Instant  1M/Day] [1.5M Max]
950,Instagram,impression,0.4,20,50000,False,False,False,False,False,False,False,False,False,False,False,True,True,False,False,False,False,True,False,False,False,False,False,False,False,False,True,True,False,False,USA,Unspecified,♛ Instagram USA HQ Instant Impressions [50k Max]
949,Instagram,impression,0.91,100,80000,False,False,False,False,False,False,False,False,False,False,False,True,True,False,False,False,False,False,False,False,False,False,False,False,False,False,True,True,False,True,Unspecified,Unspecified,♛ Instagram Profile Visit + Impressions [80k Max]
960,Instagram,,0.19,20,50000,False,False,False,False,False,False,False,False,False,False,False,True,True,False,False,False,False,True,False,False,False,False,False,False,False,False,True,True,False,False,Unspecified,Unspecified,♛ Instagram Profile Visit HQ Instant [50k Max]
961,Instagram,,0.66,100,30000,False,False,False,False,False,False,False,False,False,False,False,True,True,False,False,False,False,False,False,False,False,False,False,False,False,False,True,True,False,False,Unspecified,Unspecified,♛ Instagram Photo Reach [15k Max]
962,Instagram,,0.66,100,15000,False,False,False,False,False,False,False,False,False,False,False,True,True,False,False,False,False,False,False,False,False,False,False,False,False,False,True,True,False,False,Unspecified,Unspecified,♛ Instagram Video Reach [15k Max]
963,Instagram,like,1.38,30,5000,False,False,False,False,False,False,False,False,False,False,False,True,True,False,False,False,False,False,False,False,False,False,False,False,False,False,True,True,False,False,Unspecified,Unspecified,♛ Instagram Comment Likes [Comment of your choice] [5k Max]
964,Instagram,like,1.71,30,10000,False,False,False,False,False,False,False,False,False,False,False,True,True,False,False,False,False,False,False,False,False,False,False,False,False,True,True,True,False,False,Unspecified,Unspecified,♛ Instagram Comment SUPER FAST Likes [Comment of your choice] [10k Max]
965,Instagram,story view,29.0,500,5000,False,False,False,False,False,False,False,False,False,False,False,True,True,False,False,False,False,False,False,False,False,False,False,False,False,False,True,True,False,False,Unspecified,Unspecified,♛ Instagram Auto Story Views [30 Days] [5k/Day]
957,Instagram,story view,0.15,50,25000,False,False,False,False,False,False,False,False,False,False,False,True,True,False,False,False,False,False,False,False,False,False,False,False,False,False,True,True,False,False,Unspecified,Unspecified,♛ Instagram Last Story Views [Instant] [25k Max]
955,Instagram,story view,0.37,50,25000,False,False,False,False,False,False,False,False,False,False,False,True,True,False,False,True,False,False,False,False,False,False,False,False,False,False,True,True,False,False,Unspecified,Unspecified,♛ Instagram [Male] Story Views [Instant] [25k Max]
956,Instagram,story view,0.37,50,25000,False,False,False,False,False,False,False,False,False,False,False,True,True,False,True,True,False,False,False,False,False,False,False,False,False,False,True,True,False,False,Unspecified,Unspecified,♛ Instagram [Female] Story Views [Instant] [25k Max]
958,Instagram,vote,7.25,30,9000,False,False,False,False,False,False,False,False,False,False,False,True,True,False,False,False,False,False,False,False,False,False,False,False,False,False,True,True,False,False,Unspecified,Unspecified,♛ Instagram Story Pool Votes Instant [9k Max]
959,Instagram,vote,7.25,50,20000,False,False,False,False,False,False,False,False,False,False,False,True,True,False,False,False,False,True,False,False,False,False,False,False,False,False,True,True,False,False,Unspecified,Unspecified,♛ Instagram Story Pool Votes HQ Instant [20k Max]
966,Instagram,view,14.5,100,3000,False,False,False,False,False,False,False,False,False,False,False,True,True,False,False,False,False,False,False,False,False,False,False,False,False,False,True,True,False,False,Unspecified,Unspecified,♛❤️💧 Instagram Live Views [3k Max]
184,Instagram,view,17.0,100,6000,False,False,False,False,False,False,False,False,False,False,False,True,True,False,False,False,False,False,False,False,False,False,False,False,False,False,True,True,False,False,Unspecified,Unspecified,♛❤️💧 Instagram Live Views Instant [6k Max]
967,Instagram,like,0.29,200,8000,False,False,False,False,False,False,False,False,False,False,False,True,True,False,False,False,False,False,False,False,False,False,False,False,False,False,True,True,False,False,Unspecified,Unspecified,♛❤️💧 Instagram Live Video Likes [8k Max]
968,Instagram,like,1.24,50,200000,False,False,False,False,False,False,False,False,False,False,False,True,True,False,False,False,False,False,False,False,False,False,False,False,False,False,True,True,False,False,Unspecified,Unspecified,♛❤️💧 Instagram Live Video Likes [200k Max]
970,Instagram,like,1.32,100,500000,False,False,False,False,False,False,False,False,False,False,False,True,True,False,False,False,False,False,False,False,False,False,False,False,False,False,True,True,False,False,Unspecified,Unspecified,♛❤️💧 Instagram Live Video Likes [Instant] [500k Max]
971,Instagram,comment,7.98,60,2000,False,False,False,False,False,False,False,False,False,True,False,True,True,False,False,False,False,False,False,False,False,False,False,False,False,False,True,True,False,False,Unspecified,Unspecified,♛❤️💧 Instagram Live Video Comments [Random] [2k Max]
972,Instagram,comment,15.95,15,1000,False,False,False,False,False,False,False,False,False,False,True,True,True,False,False,False,False,False,False,False,False,False,False,False,False,False,True,True,False,False,Unspecified,Unspecified,♛❤️💧 Instagram Live Video Comments [Custom] [1k Max]
973,Instagram,comment,13.05,60,2000,False,False,False,False,False,False,False,False,False,True,False,True,True,False,False,True,False,False,False,False,False,False,False,False,False,False,True,True,False,False,Unspecified,Unspecified,♛❤️💧 Instagram Random Live Video Comments [Male] [2k Max]
974,Instagram,comment,7.25,60,2000,False,False,False,False,False,False,False,False,False,True,False,True,True,False,True,True,False,False,False,False,False,False,False,False,False,False,True,True,False,False,Unspecified,Unspecified,♛❤️💧 Instagram Random Live Video Comments [Female] [2k Max]
975,Instagram,comment,43.5,60,2000,False,False,False,False,False,False,False,False,False,True,False,True,True,False,False,False,False,False,False,False,False,False,False,False,False,False,True,True,False,True,Unspecified,Unspecified,♛❤️💧 Instagram Random Live Emoji + Video Comments  [2k Max]
976,Instagram,,1.92,2000,200000,False,False,False,False,False,False,False,False,False,False,True,True,True,False,False,False,False,False,False,False,False,False,False,False,False,False,True,False,False,False,Unspecified,Unspecified,♛❤️💧 Instagram Mentions (Custom List) [200k Max]
977,Instagram,,1.66,16000,400000,False,False,False,False,False,False,False,False,False,False,True,True,True,False,False,False,False,False,False,False,False,False,False,False,False,False,True,False,False,False,Unspecified,Unspecified,♛❤️💧 Instagram Mentions (S2) (Custom List) [200k Max]
979,Instagram,share,0.96,5000,30000,False,False,False,False,False,False,False,False,False,False,False,False,False,False,False,False,False,True,False,False,False,False,False,False,False,False,False,False,False,False,Unspecified,Unspecified,♛❤️💧 Instagram HQ Post Share (ANY) [300k Max]
897,IGTV,view,0.03,100,75000000,False,False,False,False,False,False,False,False,False,False,False,True,True,False,False,False,False,True,False,False,False,False,False,False,False,False,True,True,False,False,Unspecified,Unspecified,IGTV Views [75M Max] [Instant  HQ  1m/Day]
653,Facebook,page like,6.96,20,3000,False,False,False,False,False,False,False,False,False,False,False,True,True,False,False,False,False,False,False,False,False,True,True,False,False,False,True,True,False,False,Unspecified,Unspecified,♛ Facebook Low Quality Page Likes [No Refill / Refund  1k/Day] [1k Max]
983,Facebook,page like,2.76,100,4000,False,False,False,False,False,False,False,False,False,False,False,True,True,False,False,False,False,False,False,False,False,True,True,False,False,False,True,True,False,False,Unspecified,Unspecified,♛ Facebook Low Quality Page Likes (S3) [No Refill / Refund  1-3k/Day] [10k Max]
990,Facebook,page like,16.38,100,25000,False,True,False,False,False,False,False,False,False,False,False,False,True,False,False,False,False,True,False,False,False,False,False,False,False,False,True,True,False,False,Unspecified,Unspecified,♛ Facebook Real Page Likes HQ [Instant] [30 Days Refill  2-5k/Day] [25k Max] [Recommended]
988,Facebook,page like,12.18,100,15000,False,True,False,False,False,False,False,False,False,False,False,False,True,False,False,False,False,False,False,False,False,False,False,False,False,False,True,True,False,False,Unspecified,Unspecified,♛ Facebook Real Page Likes [Instant] [30 Days Refill  2-5k/Day] [15k Max]
642,Facebook,like,1.4,20,500,False,False,False,False,False,False,False,False,False,False,False,True,True,False,False,False,False,False,False,False,False,True,False,False,False,True,True,True,False,False,Unspecified,Unspecified,♛ Facebook Low Quality Fast Post Likes [500 Max]
995,Facebook,like,5.1,25,5000,False,False,False,False,False,False,False,False,False,False,False,True,True,False,False,False,False,True,False,False,False,True,False,False,False,False,True,True,False,False,Unspecified,Unspecified,♛ Facebook Photo/Post Likes HQ [Instant  5k/Day] [10k Max] [Recommended]
997,Facebook,like,12.0,50,20000,False,True,False,False,False,False,False,False,False,False,False,False,True,False,False,False,False,True,False,False,False,False,False,False,False,False,True,True,False,False,Unspecified,Unspecified,♛ Facebook Real Photo/Post Likes HQ [Instant  10k/Day] [20k Max] [Recommended]
996,Facebook,like,1.74,100,8000,False,False,False,False,False,False,False,False,False,False,False,True,True,False,False,False,False,False,False,False,False,True,False,False,False,False,False,True,False,False,Arab,Unspecified,♛ Facebook Post Likes [Arab] [0-36hrs  2k/Day] [8k Max]
994,Facebook,like,4.35,30,5000,False,False,False,False,False,False,False,False,False,False,False,True,True,False,False,False,False,False,False,False,False,True,False,False,False,False,True,True,False,False,Unspecified,Unspecified,♛ Facebook Photo/Post Likes [Instant  2k/Day] [5k Max]
644,Facebook,share,145.0,100,1500,False,True,False,False,False,False,False,False,False,False,False,False,False,False,False,False,False,False,False,False,True,False,False,False,False,False,False,True,False,False,Europe,Unspecified,♛ Facebook Post REAL EUROPEAN Shares ►►[Lifetime Guaranteed] [Max 1.5K]⭐
799,Facebook,follower,5.22,50,1000,False,False,False,False,False,False,False,False,False,False,False,True,True,False,False,False,False,False,False,False,False,True,True,False,False,False,True,True,False,False,Unspecified,Unspecified,❤️♛ Facebook Fan Page Follower [1k Max]
1004,Facebook,follower,10.8,100,1000,False,False,False,False,False,False,False,False,False,False,False,True,True,False,False,False,False,True,False,False,False,True,True,False,False,False,True,True,False,False,Unspecified,Unspecified,❤️♛ Facebook Fan Page Follower HQ (S2) [2k Max] [Recommended]
1005,Facebook,follower,6.62,100,2000,False,False,False,False,False,False,False,False,False,False,False,False,True,False,False,False,False,False,False,False,False,False,False,False,False,False,True,True,False,False,Unspecified,Unspecified,❤️♛ Facebook Profile Follower [2k Max]
1006,Facebook,follower,7.53,200,3000,False,False,False,False,False,False,False,False,False,False,False,False,True,False,False,False,False,False,False,False,False,False,False,False,False,False,True,True,False,False,Unspecified,Unspecified,❤️♛ Facebook Instant Profile Follower [3k Max  1k/Day  30/Day Refill]
1007,Facebook,friend request,13.92,100,2500,False,False,False,False,False,False,False,False,False,False,False,False,True,False,False,False,False,False,False,False,False,False,False,False,False,False,True,True,False,False,Unspecified,Unspecified,♛ Facebook Profile Friend Request [2.5k Max] [200-500/Day]
1008,Facebook,group member,6.62,100,10000,False,False,False,False,False,False,False,False,False,False,False,False,True,False,False,False,False,False,False,False,False,False,False,False,False,False,True,True,False,False,Unspecified,Unspecified,♛ Facebook Group Members [10k Max]
1009,Facebook,group member,60.9,100,2000,False,False,False,False,False,False,False,False,False,False,False,False,True,False,False,False,False,False,False,False,False,False,False,False,False,False,True,True,False,False,USA,Unspecified,♛ Facebook USA Group Members [1k Max]
396,Facebook,video view,0.13,1000,1000000,False,False,False,False,False,False,False,False,False,False,False,True,True,False,False,False,False,False,False,False,False,False,False,False,False,False,True,True,False,False,Unspecified,Unspecified,❤️♛💧 Facebook Video Views [1m Max] [200-300k/Day]
1003,Facebook,video view,0.19,1000,3000000,False,False,False,False,False,False,False,False,False,False,False,True,True,False,False,False,False,False,False,False,False,False,False,False,False,True,True,True,False,False,Unspecified,Unspecified,❤️♛💧 Facebook SUPERFAST Video Views [3m Max] [500k-1M/Day] [Recommended]
1002,Facebook,video view,0.16,500,100000000,False,False,False,False,False,False,False,False,False,False,False,True,True,False,False,False,False,True,False,False,False,False,False,False,False,False,True,True,False,False,Unspecified,Unspecified,❤️♛💧 Facebook HQ Video Views [10m Max] [400-800k/Day] [Recommended]
597,Facebook,view,125.28,100,10000,False,False,False,False,False,False,False,False,False,False,False,True,True,False,False,False,False,True,False,False,True,False,False,False,False,False,False,False,False,False,Unspecified,Unspecified,♛Facebook Live Stream HQ Views ►► [Max 1K] [Watch time 90 MIN]⭐
599,Facebook,view,167.04,100,10000,False,True,False,False,False,False,False,False,False,False,False,False,False,False,False,False,False,False,False,False,False,False,False,False,False,False,True,False,False,False,Unspecified,Unspecified,♛ Facebook Live Stream REAL Views ►► [INSTANT] [Max 1K] [120 minutes Watch time]⭐⚡️
604,Facebook,video view,0.99,10000,10000000,False,False,False,False,False,False,False,False,False,False,False,True,True,False,False,False,False,True,False,False,True,False,False,False,False,False,True,True,False,False,Unspecified,Unspecified,♛ Facebook INSTANT Monetizable HQ Video Views ►►[Max 800k] [Watch time 1-2 MIN]
605,Facebook,video view,1.57,10000,10000000,False,False,False,False,False,False,False,False,False,False,False,True,True,False,False,False,False,True,False,False,True,False,False,False,False,False,True,True,False,False,Unspecified,Unspecified,♛ Facebook INSTANT Monetizable HQ Video Views ►►[Max 800k] [Watch time 2-30 MIN]
606,Facebook,video view,4.01,10000,10000000,False,False,False,False,False,False,False,False,False,False,False,True,True,False,False,False,False,True,False,False,True,False,False,False,False,False,True,True,False,False,Unspecified,Unspecified,♛ Facebook INSTANT Monetizable HQ Video Views ►►[Max 800k] [Watch time 30-60 MIN]
607,Facebook,video view,5.22,10000,10000000,False,False,False,False,False,False,False,False,False,False,False,True,True,False,False,False,False,True,False,False,True,False,False,False,False,False,True,True,False,False,Unspecified,Unspecified,♛ Facebook INSTANT Monetizable HQ Video Views ►►[Max 800k] [Watch time 60-180 MIN]
608,Facebook,review,43.5,20,500,False,False,False,False,False,False,False,False,False,True,True,False,True,False,False,False,False,False,False,False,True,False,False,False,False,False,False,True,False,True,Unspecified,Unspecified,♛ Facebook Reviews [5 Star Ratings/Review] [Random or Custom Text] ►►[Max 500] [30 Days Refill Guarantee]⭐⚡️
1010,Facebook,review,139.2,40,600,False,False,False,False,False,False,False,False,False,False,True,False,True,False,False,False,False,False,False,False,True,False,False,False,False,False,False,True,False,False,Unspecified,Unspecified,♛ Facebook Reviews [5 Star Ratings/Review] [Custom Text] ►►[Max 600] [30 Days Refill Guarantee]⭐⚡️
1011,Facebook,review,60.0,25,400,False,False,False,False,False,False,False,False,False,True,False,False,True,False,False,False,False,False,False,False,True,False,False,False,False,False,False,True,False,False,Unspecified,Unspecified,♛ Facebook Reviews [5 Star Ratings/Review] [Random] ►►[Max 400] [30 Days Refill Guarantee]⭐⚡️
800,Facebook,,6.96,20,500,False,False,False,False,False,False,False,False,False,False,False,True,True,False,False,False,False,False,False,False,False,True,False,False,False,False,False,True,False,False,Unspecified,Unspecified,♛Facebook Event response [Interested]  [500 Max]
801,Facebook,,6.96,20,5000,False,False,False,False,False,False,False,False,False,False,False,True,True,False,False,False,False,False,False,False,False,True,False,False,False,False,False,True,False,False,Unspecified,Unspecified,♛Facebook Event response [Joined/Confirmed] [500 Max]
626,Facebook,comment,90.48,20,300,False,True,False,False,False,False,False,False,False,False,True,False,False,False,False,True,False,False,False,False,False,False,False,False,False,False,True,True,False,False,Unspecified,Unspecified,♛ Facebook MALE Custom Comments  [REAL] [INSTANT] ►► [Max 300] ⭐⚡️
627,Facebook,comment,90.48,20,300,False,True,False,False,False,False,False,False,False,False,True,False,False,False,True,True,False,False,False,False,False,False,False,False,False,False,True,True,False,False,Unspecified,Unspecified,♛ Facebook FEMALE Custom Comments [REAL] [INSTANT] ►► [Max 300]  ⭐⚡️
623,Facebook,comment,104.4,10,100,False,True,False,False,False,False,False,False,False,False,True,False,False,False,False,False,False,True,False,False,False,False,False,False,False,False,True,True,False,False,India,Unspecified,♛ Facebook Custom Comments [INDIA] [INSTANT] ►► [Max 30] ⭐⚡️
624,Facebook,comment,60.9,20,300,False,True,False,False,False,False,False,False,False,True,False,False,False,False,False,True,False,False,False,False,False,False,False,False,False,False,True,True,False,False,Unspecified,Unspecified,♛ Facebook Male Comments [Random] [INSTANT] ►►[Max 300] ⭐⚡️
622,Facebook,comment,69.6,10,100,False,True,False,False,False,False,False,False,False,True,False,False,False,False,False,False,False,True,False,False,False,False,False,False,False,False,True,True,False,False,India,Unspecified,♛ Facebook REAL Random Comments [INDIA] [INSTANT] ►►[Max 100]  ⭐⚡️
664,Facebook,view,1738.26,1,1,False,False,False,False,False,False,False,False,False,False,False,False,False,False,False,False,False,False,False,False,False,False,False,False,False,False,True,False,False,True,Unspecified,Unspecified,♛Facebook  Live Stream Auto Views [INSTANT] ►►2500+ views⭐⚡️
1013,Twitter,follower,13.78,100,4000,False,False,False,False,False,False,False,False,False,False,False,False,True,False,False,False,False,False,False,False,False,False,False,False,False,False,True,True,False,False,Unspecified,Unspecified,♛Twitter Followers [2k Max] [30 Days Refill  2k/Day] [4k Max]
1016,Twitter,retweet,6.96,20,10000,False,False,False,False,False,False,False,False,False,False,False,False,True,False,False,False,False,False,False,False,False,False,False,False,False,False,True,True,False,False,Unspecified,Unspecified,♛ Twitter Retweets ►►[0-24hrs Starting  30 Days Refill] [Max 10K]⭐⚡️
1017,Twitter,retweet,7.83,10,1000,False,False,False,False,False,False,False,False,False,False,False,False,True,False,False,False,False,False,False,False,False,False,False,False,False,False,True,True,False,False,Unspecified,Unspecified,♛ Twitter Auto Retweets ►►[0-24hrs Starting  30 Days Refill] [Max 10K]⭐⚡️
774,Twitter,like,0.92,30,18000,False,False,False,False,False,False,False,True,False,False,False,False,True,False,False,False,False,False,False,False,False,True,True,False,False,False,True,True,True,False,Unspecified,Unspecified,♛ Twitter INSTANT Likes [Max 18k]⚡️
281,Twitter,view,1.5,200,900000,False,False,False,False,False,False,False,False,False,False,False,False,False,False,False,False,False,False,False,False,False,False,False,False,False,False,True,False,False,False,Unspecified,Unspecified,♛❤️💧 Twitter Views (Instant)
282,Twitter,impression,1.74,200,900000,False,False,False,False,False,False,False,False,False,False,False,False,False,False,False,False,False,False,False,False,False,False,False,False,False,False,True,False,False,False,Unspecified,Unspecified,♛❤️💧 Twitter Impressions (Instant)
284,Twitter,view,10.0,100,500,False,False,False,False,False,False,False,False,False,False,False,False,False,False,False,False,False,False,False,False,False,False,False,False,False,False,True,False,False,False,Unspecified,Unspecified,♛❤️💧 Twitter Live Views ►►[ 500 Max ] [15 Mins Time View] INSTANT
634,Twitter,comment,46.4,15,100,False,False,False,False,False,False,False,False,False,False,False,True,True,False,False,False,False,True,False,False,False,True,True,False,False,False,True,False,False,False,USA,Unspecified,♛ Twitter INSTANT HQ Comments[USA] [No Refill/Refund] ►► [Max 100] ⭐⚡️
635,Twitter,comment,65.25,15,100,False,False,False,False,False,False,False,False,False,False,True,True,True,False,False,False,False,True,False,False,False,True,True,False,False,False,True,False,False,False,USA,Unspecified,♛ Twitter INSTANT CUSTOM Comments [USA] [No Refill/Refund]►► [Max 100] ⭐⚡️
636,Twitter,view,8.7,20,2000,False,True,False,False,False,False,False,False,False,False,False,False,False,False,False,False,False,False,False,False,False,False,False,False,False,False,True,False,False,False,Unspecified,Unspecified,♛ Twitter Live REAL Views [INSTANT][Watchtime 15 mins]►► [Max 1500] ⭐⚡️
638,Twitter,poll vote,0.87,100,9000000,False,False,False,False,False,False,False,False,False,False,False,False,False,False,False,False,False,False,False,False,False,False,False,False,False,False,True,False,False,False,Unspecified,Unspecified,♛ Twitter INSTANT Poll Votes ►►[Max 9M] [Speed 100k] ⭐⚡️
639,Twitter,poll vote,3.48,100,90000000,False,False,False,False,False,False,False,False,False,False,False,False,False,False,False,False,False,False,False,False,False,False,False,False,False,False,True,False,False,False,Unspecified,Unspecified,♛ Twitter INSTANT Poll Votes ►► [Max 90M] [speed 100-500k] ⭐⚡️
775,Twitter,impression,1.4,200,80000,False,False,False,False,False,False,False,True,False,False,False,False,False,False,False,False,False,False,False,False,True,False,False,False,False,False,True,False,False,False,Unspecified,Unspecified,♛ Twitter INSTANT Impressions [Lifetime non drop guaranteed] [Max 80k]⚡️
486,SoundCloud,play,0.04,100,1500000,False,False,False,False,False,False,False,False,False,False,False,False,True,False,False,False,False,False,False,False,True,False,False,False,False,True,True,True,False,False,Unspecified,Unspecified,♛ SoundCloud Fast Plays [10M]⭐⚡️
304,SoundCloud,play,0.02,50000,100000000,False,False,False,False,False,False,False,False,False,False,False,False,True,False,False,False,False,False,False,False,True,False,False,False,False,False,False,True,False,False,Unspecified,Unspecified,SoundCloud Plays [10M]⭐⚡️
487,SoundCloud,play,0.09,10000,500000,False,False,False,False,False,False,False,False,False,False,False,False,True,False,False,False,False,False,False,False,True,False,False,False,False,False,True,True,False,False,USA,Unspecified,SoundCloud Plays USA [500k] ⭐⚡️
306,SoundCloud,comment,13.05,20,1000000,False,False,False,False,False,False,False,True,False,False,False,True,True,False,False,False,False,False,False,False,False,True,False,False,False,False,True,True,True,False,Unspecified,Unspecified,SoundCloud Comments[10M] ⚡️
490,SoundCloud,comment,5.22,20,10000,False,False,False,False,False,False,False,False,False,False,True,False,False,False,False,False,False,False,False,False,False,False,False,False,False,False,True,True,False,False,Unspecified,Unspecified,♛ SoundCloud Custom Comments [10K] ⚡️
307,SoundCloud,like,1.45,10,1000000,False,False,False,False,False,False,False,False,False,False,False,False,False,False,False,False,False,False,False,False,False,False,False,False,False,False,True,True,False,False,Unspecified,Unspecified,SoundCloud Likes [50K]⚡️⭐
488,SoundCloud,like,1.31,5000,50000,False,False,False,False,False,False,False,False,False,False,False,False,True,False,False,False,False,False,False,False,True,False,False,False,False,False,False,True,False,False,USA,Unspecified,♛ Soundcloud USA Likes [50K] ⚡️⭐
308,SoundCloud,follower,1.45,100,50000,False,False,False,False,False,False,False,True,False,False,False,True,True,False,False,False,False,False,False,False,False,True,False,False,False,False,False,True,True,False,Unspecified,Unspecified,Soundcloud Followers [50K]⭐
489,SoundCloud,follower,1.45,100,50000,False,False,False,False,False,False,False,False,False,False,False,False,True,False,False,False,False,False,False,False,True,False,False,False,False,False,True,True,False,False,USA,Unspecified,♛ SoundCloud USA Followers [50K]⚡️⭐
311,SoundCloud,repost,1.31,100,50000,False,False,False,False,False,False,False,True,False,False,False,True,True,False,False,False,False,False,False,False,False,True,False,False,False,False,False,True,True,False,Unspecified,Unspecified,Soundcloud Reposts [50K]⭐
491,SoundCloud,repost,1.31,100,50000,False,False,False,False,False,False,False,False,False,False,False,False,True,False,False,False,False,False,False,False,True,False,False,False,False,False,True,True,False,False,USA,Unspecified,♛ SoundCloud USA Reposts [50K] ⚡️⭐
313,Pinterest,follower,2.68,25,100000,False,False,False,False,False,False,False,False,False,False,False,False,False,False,False,False,False,False,False,False,False,False,False,False,False,False,True,True,False,False,Unspecified,Unspecified,♛ Pinterest Followers [100K]
314,Pinterest,follower,2.9,10,250000,False,False,False,False,False,False,False,False,False,False,False,False,False,False,False,False,False,False,False,False,False,False,False,False,False,False,True,True,False,False,Unspecified,Unspecified,♛ Pinterest Board Followers [250K]
315,Pinterest,like,2.9,25,250000,False,False,False,False,False,False,False,False,False,False,False,False,False,False,False,False,False,False,False,False,False,False,False,False,False,False,True,True,False,False,Unspecified,Unspecified,♛ Pinterest Likes [250K]
492,Pinterest,repin,3.63,20,10000000,False,False,False,False,False,False,False,False,False,False,False,False,False,False,False,False,False,False,False,False,False,False,False,False,False,False,True,True,False,False,Unspecified,Unspecified,♛ Pinterest Repins [75K]
340,LinkedIn,follower,13.92,200,10000,False,False,False,False,False,False,False,False,False,False,False,False,True,False,False,False,False,False,False,False,True,False,False,False,False,False,True,True,False,False,Unspecified,Unspecified,♛ LinkedIn Follower [1k]⚡️⭐
343,LinkedIn,like,51.04,50,1000000,False,False,False,False,False,False,False,False,False,False,False,False,True,False,False,False,False,False,False,False,True,False,False,False,False,False,False,True,False,False,Unspecified,Unspecified,LinkedIn Post/Pulse Likes [1K]⭐
344,LinkedIn,share,51.04,100,1000,False,False,False,False,False,False,False,False,False,False,False,False,True,False,False,False,False,False,False,False,True,False,False,False,False,False,False,True,False,False,Unspecified,Unspecified,LinkedIn Post/Pulse Shares [1K]⭐
338,,vote,21.75,100,1000000,False,False,False,False,False,False,False,False,False,False,False,False,False,False,False,False,False,False,False,False,False,False,False,False,False,False,False,False,False,False,Unspecified,Unspecified,Email/Capctha IP Votes
336,Telegram,view,0.22,100,25000,False,False,False,False,False,False,False,False,False,False,False,False,True,False,False,False,False,False,False,False,True,False,False,False,False,False,True,True,False,False,Unspecified,Unspecified,Telegram Post Views [25K] [Last 5 post]
319,Vimeo,view,0.87,5000,1000000,False,False,False,False,False,False,False,True,False,False,False,True,True,False,False,False,False,False,False,False,False,True,False,False,False,False,True,True,True,False,Unspecified,Unspecified,Vimeo Views [100k] ⚡️
321,Vimeo,like,11.31,100,1000000,False,False,False,False,False,False,False,True,False,False,False,True,True,False,False,False,False,False,False,False,False,True,False,False,False,False,True,True,True,False,Unspecified,Unspecified,Vimeo Likes [1M] ⚡️
334,Shazam,,8.7,1000,1000000,False,False,False,False,False,False,False,False,False,False,False,False,True,False,False,False,False,False,False,False,True,False,False,False,False,False,True,True,False,False,Unspecified,Unspecified,Shazam Shazams [100K] ⚡️
504,Shazam,play,2.18,5000,500000,False,False,False,False,False,False,False,False,False,False,False,False,False,False,False,False,False,False,False,False,False,False,False,False,False,False,True,True,False,False,Unspecified,Unspecified,Shazam Plays [500K] [Min=5K] ⚡️
509,Shazam,play,1.74,5000,500000,False,False,False,False,False,False,False,False,False,False,False,False,False,False,False,False,False,False,False,False,False,False,False,False,False,False,True,True,False,False,USA,Unspecified,Shazam USA Plays [500K] [Min=5K] ⚡️
529,Twitch,follower,47.85,50,40000,False,False,False,False,False,False,False,False,False,False,False,False,False,False,False,False,False,False,False,False,False,False,False,False,False,False,True,True,False,False,Unspecified,Unspecified,Twitch Followers [40K max]  ⚡️⭐
530,Twitch,follower,68.88,100,20000,False,True,False,False,False,False,False,False,False,False,False,False,False,False,False,False,False,False,False,False,False,False,False,False,False,False,True,True,False,False,Unspecified,Unspecified,Twitch Followers [20K max] ⚡️⭐
531,Twitch,view,7.25,2000,20000,False,False,False,False,False,False,False,False,False,False,False,False,False,False,False,False,False,False,False,False,False,False,False,False,False,False,True,True,False,False,Unspecified,Unspecified,Twitch Channel Views [20K max] ⚡️⭐
528,Twitch,view,9.42,2000,200000,False,False,False,False,False,False,False,False,False,False,False,False,False,False,False,False,False,False,False,False,False,False,False,False,False,False,True,True,False,False,Unspecified,Unspecified,♛ Twitch Channel Views [10K max]  ⚡️⭐
316,Spotify,follower,5.8,500,100000,False,False,False,False,False,False,False,False,False,False,False,False,False,False,False,False,False,False,False,False,False,False,False,False,False,False,False,False,False,False,Unspecified,Unspecified,Spotify Followers
403,Spotify,stream,1.74,50000,10000000,False,False,False,False,False,False,False,False,False,False,False,False,True,False,False,False,False,False,False,False,True,False,False,False,False,False,False,True,True,False,Unspecified,Unspecified,Spotify Plays/Streams(Enter Tracks not album) - Multiples of 1 000
318,Spotify,stream,12.3,1000,200000,False,False,False,False,False,False,False,False,False,False,False,False,False,False,False,False,False,False,False,False,False,False,False,False,False,False,False,False,False,False,Unspecified,Unspecified,Spotify Streams
821,Spotify,play,1.25,10000,10000000,False,False,False,False,False,False,False,False,False,False,False,False,False,False,False,False,False,False,False,False,True,False,False,False,False,False,False,False,False,False,Unspecified,Unspecified,Spotify Album Plays [Lifetime Guaranteed]
822,Spotify,play,1.25,25000,1000000,False,False,False,False,False,False,False,False,False,False,False,False,False,False,False,False,False,False,False,False,False,False,False,False,False,False,False,False,False,False,Unspecified,Unspecified,Spotify Playlist Plays [Lifetime Warranty]
823,Spotify,play,1.4,1000,1000000,False,False,False,False,False,False,False,False,False,False,False,False,False,False,False,False,False,False,False,False,False,False,False,False,False,True,False,False,False,False,Unspecified,Unspecified,Spotify Plays Fast [80-100k speed]
532,Website,traffic,0.32,500,1000000,False,True,False,False,False,False,False,False,False,False,False,False,False,False,False,False,False,False,False,False,False,False,False,False,False,False,True,True,False,False,Unspecified,facebook,Website Traffic From Facebook
533,Website,traffic,0.32,500,1000000,False,True,False,False,False,False,False,False,False,False,False,False,False,False,False,False,False,False,False,False,False,False,False,False,False,False,True,True,False,False,Unspecified,twitter,Website Traffic From Twitter
534,Website,traffic,0.32,500,1000000,False,True,False,False,False,False,False,False,False,False,False,False,False,False,False,False,False,False,False,False,False,False,False,False,False,False,True,True,False,False,Unspecified,instagram,Website Traffic From Instagram
535,Website,traffic,0.32,500,1000000,False,True,False,False,False,False,False,False,False,False,False,False,False,False,False,False,False,False,False,False,False,False,False,False,False,False,True,True,False,False,Unspecified,youtube,Website Traffic From Youtube
536,Website,traffic,0.32,500,1000000,False,True,False,False,False,False,False,False,False,False,False,False,False,False,False,False,False,False,False,False,False,False,False,False,False,False,True,True,False,False,Unspecified,google,Website Traffic From Google
537,Website,traffic,0.87,100,1000000,False,True,False,False,False,False,False,False,False,False,False,False,False,False,False,False,False,False,False,False,False,False,False,False,False,False,True,True,False,False,Unspecified,vk.com,Website Traffic From VK.com
538,Website,traffic,0.32,500,1000000,False,True,False,False,False,False,False,False,False,False,False,False,False,False,False,False,False,False,False,False,False,False,False,False,False,False,True,True,False,False,Unspecified,reddit,Website Traffic From Reddit
539,Website,traffic,0.87,100,1000000,False,True,False,False,False,False,False,False,False,False,False,False,False,False,False,False,False,False,False,False,False,False,False,False,False,False,True,True,False,False,Unspecified,linkedin,Website Traffic From Linkedin
540,Website,traffic,0.32,500,1000000,False,True,False,False,False,False,False,False,False,False,False,False,False,False,False,False,False,False,False,False,False,False,False,False,False,False,True,True,False,False,Unspecified,tumblr,Website Traffic From Tumblr
541,Website,traffic,0.87,100,1000000,False,True,False,False,False,False,False,False,False,False,False,False,False,False,False,False,False,False,False,False,False,False,False,False,False,False,True,True,False,False,Unspecified,yahoo,Website Traffic From Yahoo
542,Website,traffic,0.87,100,1000000,False,True,False,False,False,False,False,False,False,False,False,False,False,False,False,False,False,False,False,False,False,False,False,False,False,False,True,True,False,False,Unspecified,amazon,Website Traffic From Amazon
543,Website,traffic,0.87,100,1000000,False,True,False,False,False,False,False,False,False,False,False,False,False,False,False,False,False,False,False,False,False,False,False,False,False,False,True,True,False,False,Unspecified,wikipedia,Website Traffic From Wikipedia
544,Website,traffic,0.87,100,1000000,False,True,False,False,False,False,False,False,False,False,False,False,False,False,False,False,False,False,False,False,False,False,False,False,False,False,True,True,False,False,Unspecified,yandex.ru,Website Traffic From Yandex.ru
545,Website,traffic,0.87,100,1000000,False,True,False,False,False,False,False,False,False,False,False,False,False,False,False,False,False,False,False,False,False,False,False,False,False,False,True,True,False,False,Unspecified,netflix,Website Traffic From Netflix
546,Website,traffic,0.87,100,1000000,False,True,False,False,False,False,False,False,False,False,False,False,False,False,False,False,False,False,False,False,False,False,False,False,False,False,True,True,False,False,Unspecified,twitch.tv,Website Traffic From Twitch.TV
547,Website,traffic,0.87,100,1000000,False,True,False,False,False,False,False,False,False,False,False,False,False,False,False,False,False,False,False,False,False,False,False,False,False,False,True,True,False,False,Unspecified,buysellads.com,Website Traffic From BuySellAds.com
696,Website,traffic,0.18,500,1000000,False,True,False,False,False,False,False,False,False,False,False,False,False,False,False,False,False,False,False,False,False,False,False,False,False,False,False,True,False,False,Unspecified,Unspecified,♛ Website Traffic [REAL visitors]►►[Google Analytics Supported] [Max 200K]⭐
285,Website,visitor,0.87,800,1000000,False,True,False,False,False,False,False,False,False,False,False,False,False,False,False,False,False,False,False,False,False,False,False,False,False,False,True,True,False,False,Unspecified,Unspecified,Real - International Website Visitors [ Instant ]
286,Website,visitor,1.3,500,1000000,False,True,False,False,False,False,False,False,False,False,False,False,False,False,False,False,False,False,False,False,False,False,False,False,False,False,True,True,False,False,USA,Unspecified,Real - USA Website Visitors [ Instant ]
287,Website,visitor,1.3,1000,1000000,False,True,False,False,False,False,False,False,False,False,False,False,False,False,False,False,False,False,False,False,False,False,False,False,False,False,True,True,False,False,India,Unspecified,Real - India Website Visitors [ Instant ]
291,Website,visitor,1.3,500,1000000,False,True,False,False,False,False,False,False,False,False,False,False,False,False,False,False,False,False,False,False,False,False,False,False,False,False,True,True,False,False,Italy,Unspecified,Real - Italy Website Visitors [ Instant ]
697,Website,traffic,0.53,500,1000000,False,True,False,False,False,False,False,False,False,False,False,False,False,False,False,False,False,False,False,False,False,False,False,False,False,False,True,True,False,False,USA,google]►►[real,♛ Website INSTANT USA Traffic [From Google]►►[REAL USER] [Max 90K] ⭐⚡️
698,Website,traffic,0.53,500,1000000,False,True,False,False,False,False,False,False,False,False,False,False,False,False,False,False,False,False,False,False,False,False,False,False,False,False,True,True,False,False,Germany,google]►►[real,♛ Website INSTANT GERMAN Traffic [From Google]►►[REAL USER] [Max 45K] ⭐⚡️
699,Website,traffic,0.61,500,1000000,False,True,False,False,False,False,False,False,False,False,False,False,False,False,False,False,False,False,False,False,False,False,False,False,False,False,True,True,False,False,UK,google]►►[real,♛ Website INSTANT ENGLISH [UK] Traffic [From Google]►►[REAL USER] [Max 45K] ⭐⚡️
700,Website,traffic,0.53,500,1000000,False,True,False,False,False,False,False,False,False,False,False,False,False,False,False,False,False,False,False,False,False,False,False,False,False,False,True,True,False,False,France,google]►►[real,♛ Website INSTANT FRENCH Traffic [From Google]►►[REAL USER] [Max 15K] ⭐⚡️
701,Website,traffic,0.53,500,1000000,False,True,False,False,False,False,False,False,False,False,False,False,False,False,False,False,False,False,False,False,False,False,False,False,False,False,True,True,False,False,India,google]►►[real,♛ Website INSTANT INDIAN Traffic [From Google]►►[REAL USER] [Max 90K] ⭐⚡️
702,Website,traffic,0.53,500,1000000,False,True,False,False,False,False,False,False,False,False,False,False,False,False,False,False,False,False,False,False,False,False,False,False,False,False,True,True,False,False,Unspecified,google]►►[real,♛ Website INSTANT CANADIAN Traffic [From Google]►►[REAL USER] [Max 45K] ⭐⚡️
703,Website,traffic,0.53,500,1000000,False,True,False,False,False,False,False,False,False,False,False,False,False,False,False,False,False,False,False,False,False,False,False,False,False,False,True,True,False,False,Brazil,google]►►[real,♛ Website INSTANT BRAZILIAN Traffic [From Google]►►[REAL USER] [Max 45K] ⭐⚡️
705,Website,traffic,0.53,500,1000000,False,True,False,False,False,False,False,False,False,False,False,False,False,False,False,False,False,False,False,False,False,False,False,False,False,False,True,True,False,False,Indonesia,google]►►[real,♛ Website INSTANT INDONESIAN Traffic [From Google]►►[REAL USER] [Max 45K] ⭐⚡️
706,Website,traffic,0.53,500,1000000,False,True,False,False,False,False,False,False,False,False,False,False,False,False,False,False,False,False,False,False,False,False,False,False,False,False,True,True,False,False,Russia,google]►►[real,♛ Website INSTANT RUSSIAN Traffic [From Google]►►[REAL USER] [Max 45K] ⭐⚡️
707,Website,traffic,0.53,500,1000000,False,True,False,False,False,False,False,False,False,False,False,False,False,False,False,False,False,False,False,False,False,False,False,False,False,False,True,True,False,False,Ukraine,google]►►[real,♛ Website INSTANT UKRAINIAN Traffic [From Google]►►[REAL USER] [Max 15K] ⭐⚡️
708,Website,traffic,0.53,500,1000000,False,True,False,False,False,False,False,False,False,False,False,False,False,False,False,False,False,False,False,False,False,False,False,False,False,False,True,True,False,False,Unspecified,google]►►[real,♛ Website INSTANT MEXICAN Traffic [From Google]►►[REAL USER] [Max 45K] ⭐⚡️
710,Website,traffic,0.53,500,1000000,False,True,False,False,False,False,False,False,False,False,False,False,False,False,False,False,False,False,False,False,False,False,False,False,False,False,True,True,False,False,Vietnam,google]►►[real,♛ Website INSTANT VIETNAMESE Traffic [From Google]►►[REAL USER] [Max 15K] ⭐⚡️
711,Website,traffic,0.53,500,1000000,False,True,False,False,False,False,False,False,False,False,False,False,False,False,False,False,False,False,False,False,False,False,False,False,False,False,True,True,False,False,Italy,google]►►[real,♛ Website INSTANT ITALIAN Traffic [From Google]►►[REAL USER] [Max 45K] ⭐⚡️
712,Website,traffic,0.53,500,1000000,False,True,False,False,False,False,False,False,False,False,False,False,False,False,False,False,False,False,False,False,False,False,False,False,False,False,True,True,False,False,Netherlands,google]►►[real,♛ Website INSTANT DUTCH [ NETHERLANDS ] Traffic [From Google]►►[REAL USER] [Max 45K] ⭐⚡️
713,Website,traffic,0.53,500,1000000,False,True,False,False,False,False,False,False,False,False,False,False,False,False,False,False,False,False,False,False,False,False,False,False,False,False,True,True,False,False,Poland,google]►►[real,♛ Website INSTANT POLISH Traffic [From Google]►►[REAL USER] [Max 45K] ⭐⚡️
714,Website,traffic,0.53,500,1000000,False,True,False,False,False,False,False,False,False,False,False,False,False,False,False,False,False,False,False,False,False,False,False,False,False,False,True,True,False,False,Spain,google]►►[real,♛ Website INSTANT SPANISH Traffic [From Google]►►[REAL USER] [Max 45K] ⭐⚡️
715,Website,traffic,0.53,500,1000000,False,True,False,False,False,False,False,False,False,False,False,False,False,False,False,False,False,False,False,False,False,False,False,False,False,False,True,True,False,False,Turkey,google]►►[real,♛ Website INSTANT TURKISH Traffic [From Google]►►[REAL USER] [Max 45K] ⭐⚡️
717,Website,traffic,0.53,500,1000000,False,True,False,False,False,False,False,False,False,False,False,False,False,False,False,False,False,False,False,False,False,False,False,False,False,False,True,True,False,False,China,google]►►[real,♛ Website INSTANT CHINESE Traffic [From Google]►►[REAL USER] [Max 90K] ⭐⚡️
718,Website,traffic,0.53,500,1000000,False,True,False,False,False,False,False,False,False,False,False,False,False,False,False,False,False,False,False,False,False,False,False,False,False,False,True,True,False,False,Unspecified,google]►►[real,♛ Website INSTANT SINGAPOREAN Traffic [From Google]►►[REAL USER] [Max 45K] ⭐⚡️
719,Website,traffic,0.53,500,1000000,False,True,False,False,False,False,False,False,False,False,False,False,False,False,False,False,False,False,False,False,False,False,False,False,False,False,True,True,False,False,Taiwan,google]►►[real,♛ Website INSTANT TAIWANESE Traffic [From Google]►►[REAL USER] [Max 45K] ⭐⚡️
720,Website,traffic,0.53,500,1000000,False,True,False,False,False,False,False,False,False,False,False,False,False,False,False,False,False,False,False,False,False,False,False,False,False,False,True,True,False,False,Thailand,google]►►[real,♛ Website INSTANT THAI Traffic [From Google]►►[REAL USER] [Max 45K] ⭐⚡️
721,Website,traffic,0.53,500,1000000,False,True,False,False,False,False,False,False,False,False,False,False,False,False,False,False,False,False,False,False,False,False,False,False,False,False,True,True,False,False,Japan,google]►►[real,♛ Website INSTANT JAPANESE Traffic [From Google]►►[REAL USER] [Max 45K] ⭐⚡️
723,Website,traffic,0.53,500,1000000,False,True,False,False,False,False,False,False,False,False,False,False,False,False,False,False,False,False,False,False,False,False,False,False,False,False,True,True,False,False,Pakistan,google]►►[real,♛ Website INSTANT PAKISTANI Traffic [From Google]►►[REAL USER] [Max 45K] ⭐⚡️
724,Website,traffic,0.53,500,1000000,False,True,False,False,False,False,False,False,False,False,False,False,False,False,False,False,False,False,False,False,False,False,False,False,False,False,True,True,False,False,Egypt,google]►►[real,♛ Website INSTANT EGYPTIAN Traffic [From Google]►►[REAL USER] [Max 45K] ⭐⚡️
781,,view,0.06,1000,500000,False,False,False,False,False,False,False,True,False,False,False,False,True,False,False,False,False,True,False,False,False,True,True,False,False,False,True,True,True,False,Unspecified,Unspecified,♛ Tik Tok INSTANT HQ views [Speed 40k/day] [Max 4M]⚡️
782,,view,0.05,100,1000000,False,False,False,False,False,False,False,True,False,False,False,False,True,False,False,False,False,False,False,False,False,True,True,False,False,True,False,True,True,False,Unspecified,Unspecified,♛ Tik Tok FAST views [Speed 40k/day] [Max 800k]
783,,like,6.53,20,30000,False,False,False,False,False,False,False,True,False,False,False,True,True,False,False,False,False,False,False,False,False,True,True,False,False,False,False,True,True,False,Unspecified,Unspecified,♛ Tik Tok Likes [NO Refill/Refund] [Speed 3-4k/day] [Max 40k]
784,,follower,6.53,20,30000,False,False,False,False,False,False,False,False,False,False,False,False,True,False,False,False,False,False,False,False,True,False,False,False,False,False,False,True,False,False,Unspecified,Unspecified,♛ Tik Tok FOLLOWERS [30 Days Refill guarantee] [Max 400k]
785,,follower,8.99,15,20000,False,False,False,False,False,False,False,False,False,False,False,False,True,False,False,False,False,False,False,False,True,False,False,False,False,False,True,True,False,False,Unspecified,Unspecified,♛ Tik Tok INSTANT FOLLOWERS [30 Days Refill guarantee] [Max 100k]⚡️
1182,Podcast,download,3.83,5000,5000000,False,False,False,False,False,False,False,False,False,False,False,False,False,False,False,False,False,False,False,False,False,False,False,False,False,False,False,False,False,False,Unspecified,Unspecified,Podcast Downloads [World Wide  All Episodes] [5m Max]
1188,Podcast,stream,6.27,1000,500000,False,False,False,False,False,False,False,False,False,False,False,False,False,False,False,False,False,False,False,False,False,False,False,False,False,False,False,False,False,False,Unspecified,Unspecified,Podcast Stream [All Episodes] [WW] [5m Max]
