,ID,Service,Rateper1000,Minorder,Maxorder,Description
0,ID:327,✪ Instagram Followers - 𝑺𝒐𝑴𝒆 𝐑𝐞𝐚𝐥 𝐀𝐜𝐜𝐨𝐮𝐧𝐭𝐬 𝐖𝐢𝐭𝐡 𝐋𝐞𝐬𝐬 𝐃𝐫𝐨𝐩  [ Limited Time Offer ],1.70,100,25000, Details × ◉ SWP: ( 𝓝𝓮𝔀 Cheap ) ♛ ✇ Start Time: Instant 20 Minutes♛ Speed per Day: 𝟭𝗸/𝗗𝗮𝘆★ 𝟯𝟬 𝐃𝐚𝐲𝐬 𝐑𝐞𝐟𝐢𝐥𝐥 © [ 10-30% 𝑫𝒓𝒐𝒑 ]➽ 𝑸𝒖𝒂𝒍𝒊𝒕𝒚: 𝑺𝒐𝑴𝒆 𝐑𝐞𝐚𝐥 𝐀𝐜𝐜𝐨𝐮𝐧𝐭𝐬 (𝑾𝒐𝒓𝒍𝒅𝑾𝒊𝒅𝒆)★ 𝑳𝒆𝒔𝒔 𝑫𝒓𝒐𝒑 𝑹𝒂𝒕𝒊𝒐▼ Minimum Order: 100▲ Maximum Order: 25000 
1,ID:1,𝓝𝓮𝔀 Instagram View [ ₹0.3/k ]- 50k/Day - Super Instant,0.005,100,10000000, Details × ◉ SWP: ( 𝓝𝓮𝔀 Cheap ) ♛ [ Instant 30 Minutes ] 𝐒𝐨𝐦𝐞𝐭𝐢𝐦𝐞 𝐃𝐞𝐥𝐚𝐲 
2,ID:334,𝓝𝓮𝔀 Instagram Trending View { 10 Million / Hour } - Recommended - BEST,0.05,200,10000000, Details × ◉ SWP: ( 𝓝𝓮𝔀 Cheap ) ♛ 𝑺𝒑𝒆𝒄𝒊𝒂𝒍 𝑺𝒆𝒓𝒗𝒊𝒄𝒆𝑩𝒆𝒔𝒕 𝑭𝒐𝒓 𝑽𝒊𝒓𝒂𝒍 𝒀𝒐𝒖𝒓 𝑽𝒊𝒅𝒆𝒐 
3,ID:335,𝓝𝓮𝔀 Cheap Instagram Likes [Max 15k] [ 500/hour] [No Refill],0.64,10,10000, Details × ◉ SWP: ( 𝓝𝓮𝔀 Cheap ) ♛ 𝐒𝐭𝐚𝐫𝐭 𝐓𝐢𝐦𝐞: 𝐈𝐧𝐬𝐭𝐚𝐧𝐭 | 𝐒𝐨𝐦𝐞𝐭𝐢𝐦𝐞 𝐃𝐞𝐥𝐚𝐲𝐒𝐩𝐞𝐞𝐝 𝐩𝐞𝐫 𝐃𝐚𝐲: 7-10k/Hour( 𝐍𝐨 𝐫𝐞𝐟𝐮𝐧𝐝 𝐛𝐞𝐟𝐨𝐫𝐞 𝟐𝟒𝐡𝐫 𝐢𝐟 𝐬𝐭𝐮𝐜𝐤 | 𝐑𝐚𝐫𝐞 𝐜𝐡𝐚𝐧𝐜𝐞 𝐨𝐟 𝐠𝐞𝐭𝐭𝐢𝐧𝐠 𝐬𝐭𝐮𝐜𝐤𝐞𝐝 ) 
4,ID:356,𝓝𝓮𝔀 Instagram Followers ✈ ( Less Drop/Stable) (15 Days Refill) - INSTANT 0-1 hours,2.50,100,30000, Details × ◉ SWP: ( 𝓝𝓮𝔀 Cheap ) ♛ 𝑰𝒏𝒔𝒕𝒂𝒏𝒕 𝑺𝒕𝒂𝒓𝒕 0-115 𝒅𝒂𝒚𝒔 𝑹𝒆𝒇𝒊𝒍𝒍𝑳𝒆𝒔𝒔 𝑫𝒓𝒐𝒑2𝒌-3𝒌 𝑷𝒆𝒓 𝑫𝒂𝒚𝑹𝒆𝒄𝒐𝒎𝒎𝒆𝒏𝒅𝒆𝒅 
5,ID:324,𝓝𝓮𝔀 Tiktok Views | Instant Start | [500K/day] - Super Instant,0.02,500,10000000, Details × ◉ SWP: ( 𝓝𝓮𝔀 Cheap ) ♛ 𝐈𝐧𝐬𝐭𝐚𝐧𝐭 𝟏𝟎 𝐌𝐢𝐧𝐮𝐭𝐞𝐬𝐑𝐞𝐜𝐨𝐦𝐦𝐞𝐧𝐝𝐞𝐝𝐒𝐮𝐩𝐞𝐫 𝐅𝐚𝐬𝐭 
6,ID:354,𝓝𝓮𝔀 Tiktok - Likes [ Max - 10k ] [ 1k-5k/day ] INSTANT-6HRS,1.46,100,10000, Details × ◉ SWP: ( 𝓝𝓮𝔀 Cheap ) ♛ 
7,ID:355,𝓝𝓮𝔀  Tiktok - Followers [ SUPERFAST ] [ Max - 10k ] Fast Service,3.80,100,4000, Details × ◉ SWP: ( 𝓝𝓮𝔀 Cheap ) ♛ 
8,ID:325,𝓝𝓮𝔀 Instagram【 𝟏𝟎 𝑰𝒏𝒅𝒊𝒂𝒏 𝑪𝒐𝒎𝒎𝒆𝒏𝒕𝒔 】 - [ 𝚁𝚎𝚊𝚕 & 𝙽𝚊𝚝𝚞𝚛𝚊𝚕 𝚂𝚙𝚎𝚎𝚍 ] Instant ⚡️⚡️,0.15,1000,1000, Details × ◉ SWP: ( 𝓝𝓮𝔀 Cheap ) ♛ 𝗘𝗻𝘁𝗲𝗿 𝗣𝗼𝘀𝘁 𝗟𝗶𝗻𝗸𝟭𝟬 𝗜𝗻𝗱𝗶𝗮𝗻 𝗖𝗼𝗺𝗺𝗲𝗻𝘁𝘀 𝗣𝗮𝗰𝗸𝗮𝗴𝗲𝗡𝗼𝗻 𝗗𝗿𝗼𝗽 & 𝗥𝗲𝗮𝗹𝟱𝟬% 𝗙𝗲𝗺𝗮𝗹𝗲 𝗔𝗰𝗰𝗼𝘂𝗻𝘁𝘀 
9,ID:151,𝓝𝓮𝔀 Instagram Real Likes [ Max 5K ] 𝑵𝒂𝒕𝒖𝒓𝒂𝒍 𝑺𝒑𝒆𝒆𝒅,0.58,50,10000, Details × ◉ SWP: ( 𝓝𝓮𝔀 Cheap ) ♛ Instant Start10k/Hour 
10,ID:336,𝓝𝓮𝔀 YouTube Likes [ No-Refill ] Instant Start [ Max 20K ] HQ Real Profiles,2.20,100,20000, Details × ◉ SWP: ( 𝓝𝓮𝔀 Cheap ) ♛ 
11,ID:150,𝓝𝓮𝔀 YouTube Views [Max - 500k] [Speed: 50K/Day] [Lifetime Refill] INSTANT,0.80,200,100000000, Details × ◉ SWP: ( 𝓝𝓮𝔀 Cheap ) ♛ 𝐘𝐨𝐮𝐭𝐮𝐛𝐞 𝐕𝐢𝐞𝐰𝐬 𝐅𝐚𝐬𝐭𝟏-𝟓 𝐌𝐢𝐧𝐮𝐭𝐞𝐬 𝐑𝐞𝐭𝐞𝐧𝐭𝐢𝐨𝐧 𝐕𝐢𝐞𝐰𝐬𝐒𝐩𝐞𝐞𝐝 𝟐𝟎𝐤-𝟒𝟎𝐤 𝐏𝐞𝐫 𝐝𝐚𝐲( 𝐕𝐞𝐫𝐲 𝐋𝐞𝐬𝐬 𝐃𝐫𝐨𝐩 ) 
12,ID:263,Elite Royal Pass Pack [Season 13] +70 UC,9.00,1000,1000, Details × ◉ PUBG UC CASH Instant Delivery - 12H 100% Safe No hack Put your character ID in the Link box example: https://prnt.sc/q1whwt 
13,ID:264,Elite Plus Royal Pass Pack (Season 13) + Classic crate,23.00,1000,1000, Details × ◉ PUBG UC CASH Instant Delivery - 12H 100% Safe No hack Put your character ID in the Link box example: https://prnt.sc/q1whwt 
14,ID:375,Pubg UC 8 Cash [1H - SAFE],0.20,1000,1000, Details × ◉ PUBG UC CASH 
15,ID:376,Pubg UC 35 Cash [1H - SAFE],0.70,1000,1000, Details × ◉ PUBG UC CASH 
16,ID:231,Pubg UC 75 Cash [1H - SAFE],1.45,1000,1000, Details × ◉ PUBG UC CASH Instant Delivery - 12H 100% Safe No hack Put your character ID in the Link box example: https://prnt.sc/q1whwt 
17,ID:232,Pubg UC 220 Cash [12H - SAFE],5.50,1000,1000, Details × ◉ PUBG UC CASH Instant Delivery - 12H 100% Safe No hack Put your character ID in the Link box example: https://prnt.sc/q1whwt 
18,ID:233,Pubg UC 770 Cash [12H - SAFE],15.00,1000,1000, Details × ◉ PUBG UC CASH Instant Delivery - 12H 100% Safe No hack Put your character ID in the Link box example: https://prnt.sc/q1whwt 
19,ID:234,Pubg UC 2010 Cash [12H - SAFE],40.00,1000,1000, Details × ◉ PUBG UC CASH Instant Delivery - 12H 100% Safe No hack Put your character ID in the Link box example: https://prnt.sc/q1whwt 
20,ID:363,YouTube Channel [1000 Subs+ Monetization Enabled] [100% Real],250.00,1,1, Details × Youtube Channel For Sale [Monetization Enabled] 🔥 Put Your Email in Link We Will Transfer Account To Your Email𝐘ou𝐓ube 𝐌𝐨𝐧𝐞𝐭𝐢𝐳𝐚𝐭𝐢𝐨𝐧 C𝐡𝐚𝐧𝐧𝐞𝐥 Approved 𝐅𝐨𝐫 𝐒𝐞𝐥𝐥 SUBSCRIBE : 1K+ VIEWS: 20k+ COMMUNITY TAB - ENABLED COPYRIGHT CLAMING OPTION ENABLED 
21,ID:299,✪ Instagram 𝐁𝐥𝐮𝐞 𝐓𝐢𝐜𝐤 𝐕𝐞𝐫𝐢𝐟𝐢𝐞𝐝 Comments [ 1 𝐂𝐨𝐦𝐦𝐞𝐧𝐭 ] ✔,2.50,1000,1000, Details × 𝗜𝗻𝘀𝘁𝗮𝗴𝗿𝗮𝗺 𝗩𝗲𝗿𝗶𝗳𝗶𝗲𝗱 Comments (𝗕𝗹𝘂𝗲 𝗧𝗶𝗰𝗸) 🔥 ✅ Verified Instagram Profiles [Blue Tick ✔] Will Comment on your post✔️Enter Post link❌ No hate comment or Sexual Post👌Quality -https://prnt.sc/s95vxi❤️Random Positive Comments 
22,ID:300,✪ Instagram 𝐁𝐥𝐮𝐞 𝐓𝐢𝐜𝐤 𝐕𝐞𝐫𝐢𝐟𝐢𝐞𝐝 Comments [ 3 𝐂𝐨𝐦𝐦𝐞𝐧𝐭 ] ✔,6.00,1000,1000, Details × 𝗜𝗻𝘀𝘁𝗮𝗴𝗿𝗮𝗺 𝗩𝗲𝗿𝗶𝗳𝗶𝗲𝗱 Comments (𝗕𝗹𝘂𝗲 𝗧𝗶𝗰𝗸) 🔥 ✅ Verified Instagram Profiles [Blue Tick ✔] Will Comment on your post✔️Enter Post link❌ No hate comment or Sexual Post👌Quality -https://prnt.sc/s95vxi❤️Random Positive Comments 
23,ID:301,✪ Instagram 𝐁𝐥𝐮𝐞 𝐓𝐢𝐜𝐤 𝐕𝐞𝐫𝐢𝐟𝐢𝐞𝐝 Comments [ 6 𝐂𝐨𝐦𝐦𝐞𝐧𝐭 ] ✔,9.50,1000,1000, Details × 𝗜𝗻𝘀𝘁𝗮𝗴𝗿𝗮𝗺 𝗩𝗲𝗿𝗶𝗳𝗶𝗲𝗱 Comments (𝗕𝗹𝘂𝗲 𝗧𝗶𝗰𝗸) 🔥 ✅ Verified Instagram Profiles [Blue Tick ✔] Will Comment on your post✔️Enter Post link❌ No hate comment or Sexual Post👌Quality -https://prnt.sc/s95vxi❤️Random Positive Comments 
24,ID:302,✪ Instagram 𝐁𝐥𝐮𝐞 𝐓𝐢𝐜𝐤 𝐕𝐞𝐫𝐢𝐟𝐢𝐞𝐝 Comments [ 10 𝐂𝐨𝐦𝐦𝐞𝐧𝐭 ] ✔,16.00,1000,1000, Details × 𝗜𝗻𝘀𝘁𝗮𝗴𝗿𝗮𝗺 𝗩𝗲𝗿𝗶𝗳𝗶𝗲𝗱 Comments (𝗕𝗹𝘂𝗲 𝗧𝗶𝗰𝗸) 🔥 
25,ID:303,✪ Instagram 𝐁𝐥𝐮𝐞 𝐓𝐢𝐜𝐤 𝐕𝐞𝐫𝐢𝐟𝐢𝐞𝐝 [ 𝓒𝓾𝓼𝓽𝓸𝓶 Comments ] [ 𝟐.𝟖$ 𝐏𝐞𝐫 𝐂𝐨𝐦𝐦𝐞𝐧𝐭 ],2800.00,1,10, Details × 𝗜𝗻𝘀𝘁𝗮𝗴𝗿𝗮𝗺 𝗩𝗲𝗿𝗶𝗳𝗶𝗲𝗱 Comments (𝗕𝗹𝘂𝗲 𝗧𝗶𝗰𝗸) 🔥 ✅ Verified Instagram Profiles [Blue Tick] Will Comment on your post ✔️Enter Post link ❌ No hate comment or Sexual Post 👍🏻Max 10 
26,ID:166,🇮🇳 Instagram Custom 𝑰𝒏𝒅𝒊𝒂𝒏 Comments - [ Instant And Recommended ],20.00,1,500, Details × ◉ Indian Services Start Time: 0-1 𝑯𝒐𝒖𝒓Speed: 500/𝑫𝒂𝒚Quality: 𝑺𝒖𝒑𝒆𝒓 𝑯𝒊𝒈𝒉 𝑸𝒖𝒂𝒍𝒊𝒕𝒚 𝑨𝒄𝒄𝒐𝒖𝒏𝒕𝒔Specific: 50% 𝑭𝒆𝒎𝒂𝒍𝒆 & 50% 𝑴𝒂𝒍𝒆Stable Service In Market 
27,ID:196,🇮🇳 Instagram Random 𝑰𝒏𝒅𝒊𝒂𝒏 Comments - [ Instant And Recommended ],20.00,1,500, Details × ◉ Indian Services Start Time: 0-1 𝑯𝒐𝒖𝒓Speed: 500/𝑫𝒂𝒚Quality: 𝑺𝒖𝒑𝒆𝒓 𝑯𝒊𝒈𝒉 𝑸𝒖𝒂𝒍𝒊𝒕𝒚 𝑨𝒄𝒄𝒐𝒖𝒏𝒕𝒔Specific: 50% 𝑭𝒆𝒎𝒂𝒍𝒆 & 50% 𝑴𝒂𝒍𝒆Stable Service In Market 
28,ID:254,🇮🇳 Instagram Real Followers - {💯% Real 𝑰𝒏𝒅𝒊𝒂𝒏 Account} [500 Max] 0-12 Hours 🔥🔥,10.00,500,500, Details × ◉ Indian Services Start Time: 0-12 HoursSpeed: 2000/dayQuality: 💯% Real Account [ 70% Female ]Guarantee: Non Drop 
29,ID:275,♚ Instagram 𝕾𝖕𝖊𝖈𝖎𝖆𝖑 Followers [ 70% 𝓡𝓮𝓪𝓵 𝓐𝓬𝓬𝓸𝓾𝓷𝓽𝓼 ] Instant Start,1.35,100,2000, Details × ◉ Always Working Start Time: 0-3 HoursSpeed: 200-500/dayQuality: 💯% Real Account (WorldWide)Guarantee: No Refill [ Less Drop ] 
30,ID:258,🔰 YouTube  Watch Hours [ High Retention ] [ 💯% Real & Safe ] Instant 🔥 🔥,15.00,100,4000, Details × ◉ Always Working ⌛ Estimated Start Time: 2 Hours!⚡Delivery speed: 1000 Hours Per Day!♛ Min: 1000 Max: 4000!♻ Refill: [ NON DROP ]✔️100% High Retention Views📢 Minimum Video length 1 Hour 
31,ID:291,Instagram Custom Special 🆄🆂🅰 Comments - [ Instant And Recommended ],35.00,1,500, Details × ◉ Always Working 
32,ID:292,Instagram Random Special 🆄🆂🅰 Comments - [ Instant And Recommended ],30.00,1,500, Details × ◉ Always Working 
33,ID:270,𝐍𝐞𝐰  𝓢𝓹𝓮𝓬𝓲𝓪𝓵 Instagram 𝓡𝓮𝓪𝓵 Followers - [ 𝐔𝐥𝐭𝐫𝐚𝐅𝐚𝐬𝐭 ] [ Max 10k ] 𝐈𝐧𝐬𝐭𝐚𝐧𝐭 𝐒𝐭𝐚𝐫𝐭⚡️⚡️,1.24,100,3000, Details × ◉ Always Working - Look Like Real- INTSTANT [ Less Drop ]- UltraFast Speed 10k/D- Minimum 50 - Max 10K 
34,ID:247,☑️ Instagram Account & Page 𝐕𝐞𝐫𝐢𝐟𝐢𝐜𝐚𝐭𝐢𝐨𝐧 [ 100% Working ] - Real Method,2000.00,1000,1000, Details × ◉ Verification Packages 📞 Contact Us For Any Help & Support ☎️Skype: live:socialworldpanelWhatsapp: +1 (709) 501-8232 Instagram: Swp_panel0 
35,ID:248,☑️ Facebook Account & Page 𝐕𝐞𝐫𝐢𝐟𝐢𝐜𝐚𝐭𝐢𝐨𝐧 [ 100% Working ] - Real Method,1800.00,1000,1000, Details × ◉ Verification Packages 📞 Contact Us For Any Help & Support ☎️Skype: live:socialworldpanelWhatsapp: +1 (709) 501-8232 Instagram: Swp_panel0 
36,ID:249,☑️ Twitter Account & Page 𝐕𝐞𝐫𝐢𝐟𝐢𝐜𝐚𝐭𝐢𝐨𝐧 [ 100% Working ] - Real Method,1500.00,1000,1000, Details × ◉ Verification Packages 📞 Contact Us For Any Help & Support ☎️Skype: live:socialworldpanelWhatsapp: +1 (709) 501-8232 Instagram: Swp_panel0 
37,ID:250,☑️ Snapchat Account 𝐕𝐞𝐫𝐢𝐟𝐢𝐜𝐚𝐭𝐢𝐨𝐧 [ 100% Working ] - Real Method,1200.00,1000,1000, Details × ◉ Verification Packages 📞 Contact Us For Any Help & Support ☎️Skype: live:socialworldpanelWhatsapp: +1 (709) 501-8232 Instagram: Swp_panel0 
38,ID:251,☑️ TikTok Account 𝐕𝐞𝐫𝐢𝐟𝐢𝐜𝐚𝐭𝐢𝐨𝐧 [ 100% Working ] - Real Method,1000.00,1000,1000, Details × ◉ Verification Packages 📞 Contact Us For Any Help & Support ☎️Skype: live:socialworldpanelWhatsapp: +1 (709) 501-8232 Instagram: Swp_panel0 
39,ID:237,♛ N-flix 1 Month (20 days replacement warranty) Private UHD 4 Screen,3.80,1,1, Details × ◉ Premium Accounts *Strictly Follow these instructions before logging in :-*👉*For Android*-> Clear the old netflix Data from your phone settings then Uninstall the app then Restart your Phone then install the netflix app.-> Then Enter the Login details.👉*For iOS*-> uninstall App and clear safari history-> restart iphone-> install App again👉*PC*-> Clear Cache + History-> Close Browser-> Open Browser and use incognito window if possible.👉*TV/Streaming Device*-> Reinstall Netflix App then login*Don't change email I'd otherwise warranty will not be provided**No Refund/Replacement in following case*👉 Logged in more than 4 screen👉Email changed by customer 
40,ID:236,"♛ Amazon Prime Account - 1 Month ""2 Device login only""",0.60,1,1," Details × ◉ Premium Accounts ""only for 2 device only""###For OTP Go to byom.de site and enter your email there without @byom.de and gets OTP. "
41,ID:246,♛ HOTSTAR - Account,2.50,1,1, Details × ◉ Premium Accounts Don't change password or anything. And clear watch history1 year account . With warrantyThese are cracked account it means shared with another users 
42,ID:238,♛ YouTube Channel Monetization - 100% Working [ 30 Days Work ],132.00,1,1, Details × ◉ Premium Accounts You Want To Monetization Your personal channel ?In This Service We Give You :-[ 4000 hours & 1000 Subscribers ]Requirements:-1. We Need Channel Access2. Any Video Up to 1 hour on Channel OR [ 1 hour Video Price $10 ]3. You Need Absence Approved Account.4.All videos Are Non Copyright On Channel5. Most important Channel Did't have any Strike. 
43,ID:239,♛ #1 Rank Your Website [ SEO ] [ 1st Page Rank ] 100% Working,50.00,1,1, Details × ◉ Premium Accounts Social Signals - Share your Website over the Social Media networksAn important factor for Google Ranking!Increase your Organic Traffic via Social Media PlatformsGrow your Social Media AuthorityGreat for New & Old DomainsBlazing Fast Indexing via Social Media networks14 Days Drip Feed DeliveryPure Social Backlinks for any URLYour URL will receive 1 000+ Social Signals via FacebookYou can track results with any Social Signals counter (e.g. Socialworldpanel.com)No Adult Drugs or Domains that blocked on FacebookUse Website URL include https:// or http:// ( Important! ) 
44,ID:359,♚ YouTube 𝑾𝒂𝒕𝒄𝒉𝒕𝒊𝒎𝒆  -【 NON DROP 】 𝐒𝐚𝐟𝐞 𝐌𝐨𝐧𝐞𝐭𝐢𝐳𝐚𝐭𝐢𝐨𝐧 [ Minimum 30+ Video Length ],16.00,500,4000, Details × ◉ YouTube : Hours [ Non Drop ] 𝐅𝐨𝐫 𝐒𝐦𝐚𝐥𝐥 𝐯𝐢𝐝𝐞𝐨 ⌛ Estimated Start Time: 2 Hours!⚡Delivery speed: 500-1000 Hours Per Day!⚠️ Refill: Non Drop !📢 Minimum Video length 30 Minutes + 
45,ID:346,YouTube Watchtime [1000 Hours] [1 Hour Video Length] [ Non Drop ],15.00,1000,1000, Details × ◉ YouTube : Hours [ Non Drop ] 𝐅𝐨𝐫 𝐒𝐦𝐚𝐥𝐥 𝐯𝐢𝐝𝐞𝐨 ⌛ Estimated Start Time: 2 Hours!⚡Delivery speed: 1000 Hours Per Day!⚠️ Refill: Non Drop !📢 Minimum Video length 1 Hour + 
46,ID:347,YouTube Watchtime [2000 Hours] [1 Hour Video Length] [ Non Drop ],30.00,1000,1000, Details × ◉ YouTube : Hours [ Non Drop ] 𝐅𝐨𝐫 𝐒𝐦𝐚𝐥𝐥 𝐯𝐢𝐝𝐞𝐨 ⌛ Estimated Start Time: 2 Hours!⚡Delivery speed: 1000 Hours Per Day!⚠️ Refill: Non Drop !📢 Minimum Video length 1 Hour + 
47,ID:348,YouTube Watchtime [3000 Hours] [1 Hour Video Length] [ Non Drop ],45.00,1000,1000, Details × ◉ YouTube : Hours [ Non Drop ] 𝐅𝐨𝐫 𝐒𝐦𝐚𝐥𝐥 𝐯𝐢𝐝𝐞𝐨 ⌛ Estimated Start Time: 2 Hours!⚡Delivery speed: 1000 Hours Per Day!⚠️ Refill: Non Drop !📢 Minimum Video length 1 Hour + 
48,ID:349,YouTube Watchtime [4000 Hours] [1 Hour Video Length] [ Non Drop ],60.00,1000,1000, Details × ◉ YouTube : Hours [ Non Drop ] 𝐅𝐨𝐫 𝐒𝐦𝐚𝐥𝐥 𝐯𝐢𝐝𝐞𝐨 ⌛ Estimated Start Time: 2 Hours!⚡Delivery speed: 1000 Hours Per Day!⚠️ Refill: Non Drop !📢 Minimum Video length 1 Hour + 
49,ID:181,YouTube Monetization Approved Channel [ 100% Working Ads ],250.00,1,1, Details × ◉ YouTube : Hours [ Non Drop ] 𝐅𝐨𝐫 𝐒𝐦𝐚𝐥𝐥 𝐯𝐢𝐝𝐞𝐨 ✔ All of the channels have the same niche ( Vlogs Education & Gaming ) but we use different videos to develop. Easy to change the niche with real subscribers that interact with channel.✔ Got 4000 hours + 1000 subscribers and can be set ADS on the video to make money.✔ It's a clean channel. No claims no strikes.✔ Channels will be sent within 1-2 hours✔ Link: Enter your [Email / Skype]✔ We will send you the channel list: Channel link channel age number of videos in the channel statistics in the channel via google sheetFor example:https://prnt.sc/qss835https://prnt.sc/qss8isIf you buy regularly please message me through the ticket to get the best price!You can also contact us:- Skype: live:socialworldpanel 
50,ID:40,✓ YouTube SEO keyword Promotion [ Monetization Views ] 100% Working,10.00,500,100000, Details × ◉ YouTube : Hours [ Non Drop ] 𝐅𝐨𝐫 𝐒𝐦𝐚𝐥𝐥 𝐯𝐢𝐝𝐞𝐨 For those who need not only to increase the views as efficiently as possible but also to advance on certain key phrases. The real user goes first to the Youtube search then hammers in one of the key phrases you set then searches the list for Your video and clicks on it to view. Thereby increasing the position of your video in the Youtube search.- Any list of keywords with the theme of your video- Instant start (5-10 minutes)- Up to 75 000 impressions and views of one video per day- Russia 65% / CIS-35%- Source of traffic to Youtube statistics - the external sources or the address bar of the browser- Videos are played in the browsers of real users of our affiliate program- 100% lifetime warranty against decommissioning viewsThe average retention for 4-5 minutes- Specify one keyword 
51,ID:177,𝐍𝐞𝐰 YouTube Boost Views - { 30 Minutes Retention } [ NON DROP ],7.00,100,4000, Details × ◉ YouTube : Hours [ Non Drop ] 𝐅𝐨𝐫 𝐒𝐦𝐚𝐥𝐥 𝐯𝐢𝐝𝐞𝐨 ⌛ Estimated Start Time: 12 Hours!⚡Delivery speed: 500-600 Views Per Day♛ Min: 100 Max: 4000!♻ Refill: [ NON DROP ]✔️100% High Retention Views2000 Views = 1000 Hours 
52,ID:341,YouTube Watchtime [1000 Hours] [Monetization Safe] [100% Real] [ Non Drop ],17.00,1000,1000, Details × ◉ YouTube : Hours [ NON DROP ] 𝐅𝐨𝐫 𝐋𝐨𝐧𝐠 𝐯𝐢𝐝𝐞𝐨 ⌛ Estimated Start Time: 0-2 Hours!⚡Delivery speed: 1000 Hours Per Day!♛ Min: 200 Max: 4000!♻ Refill: [ NON DROP ]✔️100% High Retention Views💡 Rules:1. Minimum Video Length 2 Hours [ Not Less Than 2 hours ]2. Maximum Video Length 3 Hours [ Not More Than 3 hours ]3. Don't Buy Other Views After Placing Order ! 
53,ID:342,YouTube Watchtime [2000 Hours] [Monetization Safe] [100% Real] [ Non Drop ],34.00,1000,1000, Details × ◉ YouTube : Hours [ NON DROP ] 𝐅𝐨𝐫 𝐋𝐨𝐧𝐠 𝐯𝐢𝐝𝐞𝐨 ⌛ Estimated Start Time: 0-2 Hours!⚡Delivery speed: 1000 Hours Per Day!♛ Min: 200 Max: 4000!♻ Refill: [ NON DROP ]✔️100% High Retention Views💡 Rules:1. Minimum Video Length 2 Hours [ Not Less Than 2 hours ]2. Maximum Video Length 3 Hours [ Not More Than 3 hours ]3. Don't Buy Other Views After Placing Order ! 
54,ID:343,YouTube Watchtime [3000 Hours] [Monetization Safe] [100% Real] [ Non Drop ],50.00,1000,1000, Details × ◉ YouTube : Hours [ NON DROP ] 𝐅𝐨𝐫 𝐋𝐨𝐧𝐠 𝐯𝐢𝐝𝐞𝐨 ⌛ Estimated Start Time: 0-2 Hours!⚡Delivery speed: 1000 Hours Per Day!♛ Min: 200 Max: 4000!♻ Refill: [ NON DROP ]✔️100% High Retention Views💡 Rules:1. Minimum Video Length 2 Hours [ Not Less Than 2 hours ]2. Maximum Video Length 3 Hours [ Not More Than 3 hours ]3. Don't Buy Other Views After Placing Order ! 
55,ID:344,YouTube Watchtime [4000 Hours] [Monetization Safe] [100% Real] [ Non Drop ],68.00,1000,1000, Details × ◉ YouTube : Hours [ NON DROP ] 𝐅𝐨𝐫 𝐋𝐨𝐧𝐠 𝐯𝐢𝐝𝐞𝐨 ⌛ Estimated Start Time: 0-2 Hours!⚡Delivery speed: 1000 Hours Per Day!♛ Min: 200 Max: 4000!♻ Refill: [ NON DROP ]✔️100% High Retention Views💡 Rules:1. Minimum Video Length 2 Hours [ Not Less Than 2 hours ]2. Maximum Video Length 3 Hours [ Not More Than 3 hours ]3. Don't Buy Other Views After Placing Order ! 
56,ID:345,YouTube Monetization 4000 Hours + 1000 Subscribers [ Full Monetization Pack ],80.00,1,1, Details × ◉ YouTube : Hours [ NON DROP ] 𝐅𝐨𝐫 𝐋𝐨𝐧𝐠 𝐯𝐢𝐝𝐞𝐨 ⌛ Estimated Start Time: 0-2 Hours!⚡Delivery speed: 1000 Hours Per Day!♛ Min: 200 Max: 4000!♻ Refill: [ NON DROP ]✔️100% High Retention Views💡 Rules:1. Minimum Video Length 2 Hours [ Not Less Than 2 hours ]2. Maximum Video Length 3 Hours [ Not More Than 3 hours ]3. Don't Buy Other Views After Placing Order ! 
57,ID:41,Youtube Adword Views - 𝑶𝒘𝒏 𝑺𝒆𝒓𝒗𝒆𝒓 [ Speed 500K - 1M/D ] 0-24 Hours,1.40,10000,10000000, Details × ◉ YouTube : Views 
58,ID:16,Youtube Adword Views - 𝑶𝒘𝒏 𝑺𝒆𝒓𝒗𝒆𝒓 [ Speed 500K - 1M/D ] 0-24 Hours,1.20,100000,10000000, Details × ◉ YouTube : Views 
59,ID:186,♛Youtube Views [Never-Drop] [20-30k/Day] [Recommended] INSTANT,1.35,1000,100000000, Details × ◉ YouTube : Views 
60,ID:17,Youtube - Views S2 [ 40k/day ] [ Non Drop ] [ Life Time Guaranteed ] INSTANT,1.45,1000,100000000, Details × ◉ YouTube : Views 
61,ID:42,Youtube Views [100% Non Drop] (Good For Ranking) [ 100k/Day ] Instant,1.65,1000,100000000, Details × ◉ YouTube : Views 
62,ID:312,Youtube 🇮🇳 INDIAN Views 🇮🇳- [ 100% NON DROP ] - Instant,1.95,1000,2147483647, Details × ◉ YouTube : Views 
63,ID:183,Youtube Views - 𝑶𝒘𝒏 𝑺𝒆𝒓𝒗𝒆𝒓 { 15-20 Minute Renetion } - [ Speed 10K to 50k/D ],3.00,1000,10000000, Details × ◉ YouTube : Views ⌛ Estimated Start Time: 1 Hours!⚡Delivery speed: 5k/Day!♛ Min: 200 Max: Unlimited!♻ Refill: [ 30 Days ]✔️[20-40 Minutes Retention ] 
64,ID:4,Youtube Views - 𝑶𝒘𝒏 𝑺𝒆𝒓𝒗𝒆𝒓 { 7- 15 Minute Renetion } - [ Speed 5K to 50k/D ],2.85,100,100000, Details × ◉ YouTube : Views ⌛ Estimated Start Time: 1 Hours!⚡Delivery speed: 5k/Day!♛ Min: 200 Max: Unlimited!♻ Refill: [ 30 Days ]✔️[ 7-15 Minutes Retention ] 
65,ID:244,YouTube Pre-Premiere Waiting Views S2 [ Instant ],3.35,1000,100000, Details × ◉ YouTube : Views • Avg Concurrent Waiting Viewers 2000-5000+* will stay for 1 hour+• INSTANT START• includes LIKES• Windows Desktop Watch Page• Social Referrers• World-Wide Viewers• No Cancellation can be done after order started1.Our Waiting visitors will turn into viewers if the premiere broadcast will start during the campaign time-frame.2.Note that our waiting viewers will be sent ONLY to the Pre-Premiere/Live-Premiere version and NOT to the offline recorded version YouTube will not pass or count the waiting or the live viewers as offline views on the recorded version. 
66,ID:367,YouTube Views S1 (USA) [20k - 200k Per Day] INSTANT [LIFETIME GUARANTEE ],1.78,1000,10000000, Details × ◉ Youtube Targetted Views Instant Start20k-200k Per day speedNon DropLifetime Guarantee 
67,ID:368,YouTube Views S1 (UK) [20k - 200k Per Day] INSTANT [LIFETIME GUARANTEE ],1.78,500,10000000, Details × ◉ Youtube Targetted Views Instant Start20k-200k Per day speedNon DropLifetime Guarantee 
68,ID:369,YouTube Views S1 (INDIA) [20k - 200k Per Day] INSTANT [LIFETIME GUARANTEE ],1.78,500,10000000, Details × ◉ Youtube Targetted Views Instant Start20k-200k Per day speedNon DropLifetime Guarantee 
69,ID:370,YouTube Views S1 (RUSSIA) [20k - 200k Per Day] INSTANT [LIFETIME GUARANTEE ],1.78,500,10000000, Details × ◉ Youtube Targetted Views Instant Start20k-200k Per day speedNon DropLifetime Guarantee 
70,ID:371,YouTube Views S1 (AUSTRALIA) [20k - 200k Per Day] INSTANT [LIFETIME GUARANTEE ],1.78,500,10000000, Details × ◉ Youtube Targetted Views Instant Start20k-200k Per day speedNon DropLifetime Guarantee 
71,ID:372,YouTube Views S1 (CANADA) [20k - 200k Per Day] INSTANT [LIFETIME GUARANTEE ],1.78,500,10000000, Details × ◉ Youtube Targetted Views Instant Start20k-200k Per day speedNon DropLifetime Guarantee 
72,ID:373,YouTube Views S1 (JAPAN) [20k - 200k Per Day] INSTANT [LIFETIME GUARANTEE ],1.78,1000,10000000, Details × ◉ Youtube Targetted Views Instant Start20k-200k Per day speedNon DropLifetime Guarantee 
73,ID:18,YouTube - Views [ 50k+ / day ] [ No Refill ] [ 0-6 hrs ],0.92,1000,10000000, Details × ◉ YT : Views [ No Refill ] 
74,ID:19,YouTube - Views [ 100k+ / day ] [ No Refill ] [ 0-6 hrs ],1.00,1000,10000000, Details × ◉ YT : Views [ No Refill ] 
75,ID:20,YouTube - Views [ 500k-1M / day ] [ No Refill/ Less Drop ] [ 0-1 hrs ],1.16,1000,10000000, Details × ◉ YT : Views [ No Refill ] 
76,ID:364,YouTube 𝑨𝒅𝒔 𝑺𝒖𝒃𝒔𝒄𝒓𝒊𝒃𝒆𝒓𝒔 [ 𝟏𝟎% 𝐄𝐱𝐭𝐫𝐚 𝐃𝐞𝐥𝐢𝐯𝐞𝐫𝐲 ] [ 30 Days Refill ] [ 100% Working ] 🔥,16.00,50,5000, Details × ◉ YouTube : Subscribers/ Likes / Comments 𝙎𝙩𝙖𝙧𝙩 𝙏𝙞𝙢𝙚 : Instant𝘼𝙙𝙨 𝙎𝙪𝙗𝙨𝙘𝙧𝙞𝙗𝙚𝙧𝙨 [ 30 𝘿𝙖𝙮𝙨 𝙍𝙚𝙛𝙞𝙡𝙡 𝘽𝙪𝙩𝙩𝙤𝙣 ]𝙌𝙪𝙖𝙡𝙞𝙩𝙮 : 𝙍𝙚𝙖𝙡 𝙪𝙨𝙚𝙧𝙨 [ 𝙁𝙚𝙬 𝘿𝙧𝙤𝙥 𝙊𝙣𝙡𝙮 ]Speed: 50-80/day𝙈𝙞𝙣 : 200𝙈𝙖𝙭: 10000 
77,ID:337,♚ YouTube 𝕾𝖕𝖊𝖈𝖎𝖆𝖑 Subscribers [ 💯% Non Drop ] [ 𝐑𝐞𝐚𝐥 & 𝐀𝐜𝐭𝐢𝐯𝐞 ],20.00,100,5000, Details × ◉ YouTube : Subscribers/ Likes / Comments Instant Start 30 Minutes⚡ Speed: 200/day𝐑𝐞𝐚𝐥 & 𝐀𝐜𝐭𝐢𝐯𝐞♚𝕾𝖕𝖊𝖈𝖎𝖆𝖑 Subscribers 💯% Non Drop𝐑𝐞𝐟𝐢𝐥𝐥 𝐄𝐧𝐚𝐛𝐥𝐞 
78,ID:225,YouTube Fast Likes - Less Drop { Ultra Fast} - [ Speed 10K/D ] - Recommended,9.00,50,20000, Details × ◉ YouTube : Subscribers/ Likes / Comments Less Drop LikesInstant Start [ Ultra Fast ]Speed 15k-20k/Day 
79,ID:36,Youtube Custom 𝐏𝐮𝐧𝐣𝐚𝐛𝐢 Comments - 𝑶𝒘𝒏 𝑺𝒆𝒓𝒗𝒆𝒓 { Natural Fast} - [ Speed 3K /D ],13.00,10,10000, Details × ◉ YouTube : Subscribers/ Likes / Comments 
80,ID:366,Youtube Random 𝐏𝐮𝐧𝐣𝐚𝐛𝐢 Comments -  { Natural Fast} - [ Speed 1K /D ],10.00,5,10000, Details × ◉ YouTube : Subscribers/ Likes / Comments 
81,ID:12,Youtube Custom Comments - 𝑶𝒘𝒏 𝑺𝒆𝒓𝒗𝒆𝒓 { Super Fast} - [ Speed 50K /D ],10.00,20,500000, Details × ◉ YouTube : Subscribers/ Likes / Comments Note:- Otherwise Not Start Your OrderLink Format : https://youtube.com/watch?v=xxxxxxxxxx 
82,ID:295,❃ 𝕭𝖊𝖘𝖙 Instagram 🆁🅴🅰🅻 Likes - [ Fast ] - [𝐍𝐨𝐧 𝐝𝐫𝐨𝐩] - 10 Mint start,1.14,100,10000, Details × ◉ Instagram : Likes ✇ Start Time: Instant♛ Speed per Day: 𝟐𝐤/𝐇𝐨𝐮𝐫★ 𝓝𝓸𝓷 𝓓𝓻𝓸𝓹 ©▼ Minimum Order: 50▲ Maximum Order: 10 000 
83,ID:365,✭ Instagram 🆁🅴🅰🅻 Likes - [ 𝐒𝐞𝐫𝐯𝐞𝐫 𝟐 ] - [𝐍𝐨𝐧 𝐝𝐫𝐨𝐩] - SuperFast,1.35,100,10000, Details × ◉ Instagram : Likes Speed - 5k-10k Per Hour [ NON DROP ] 
84,ID:277,Instagram Real Likes | Max 20K | ALWAYS INSTANT | ⚡ 𝐍𝐨𝐧 𝐝𝐫𝐨𝐩,0.69,200,5000, Details × ◉ Instagram : Likes 
85,ID:278,𝐍𝐞𝐰 Instagram Likes - [  𝓡𝓮𝓪𝓵 ] [ Max 15k ] 𝐈𝐧𝐬𝐭𝐚𝐧𝐭 𝐒𝐭𝐚𝐫𝐭⚡️⚡️ 𝐍𝐨𝐧 𝐝𝐫𝐨𝐩,0.80,150,60000, Details × ◉ Instagram : Likes 
86,ID:260,🔥🔥 Instagram Likes ( Max 13K - Cheapest ) Natural Speed,0.34,10,15000, Details × ◉ Instagram : Likes 10 Minutes StartNatural Speed 
87,ID:6,𝐍𝐞𝐰 Instagram Likes - [ 1 Sec Start - Ultra Fast ] [ 50k/Hour ] 🔥 - ( Always Work ),0.98,10,30000, Details × ◉ Instagram : Likes 
88,ID:224,Instagram Real Likes - Max 5k - 🔥🔥 Instant 0-1 Hour,0.76,150,3000, Details × ◉ Instagram : Likes 100-200 Likes / hourReal likesHigh Quality Likes 
89,ID:11,Instargram 𝐇𝐐 Likes - [ Speed: 5K/Day ] [ Quality: Real / Post ] Start: 0-20 Minutes 🔥⚡⭐,0.82,200,10000, Details × ◉ Instagram : Likes 200-300 Likes / hourReal likesHigh Quality Likes 
90,ID:198,Instagram View - 100k/Day [ Instant 30 Minutes ] Recommended,0.02,500,200000, Details × ◉ Instagram : Views 
91,ID:21,✦ Instagram Views [ 𝟏𝟎𝐌/𝐃𝐚𝐲 ] ☆𝗤𝘂𝗶𝗰𝗸 Start☆ - Recommended,0.05,250,100000, Details × ◉ Instagram : Views Superfast! Order Will Be Start Instant Per Hour Speed 1.5M!UNLIMITED! 
92,ID:22,Instagram Views - [ Max - 50M ] [ SUPERFAST ] SUPER INSTANT,0.07,500,50000000, Details × ◉ Instagram : Views 
93,ID:23,Instagram Views + Impressions - [ Max - 250M ] [ SUPERFAST ] SUPER INSTANT,0.04,100,250000000, Details × ◉ Instagram : Views Superfast! Order Will Be Start InstantPer Hour Speed 1.5M!Impressions Will Come Randomly From Profile Explore Home Page Other!UNLIMITED! 
94,ID:24,Instagram Views + Impressions + Profile Visits + Interaction [ MAX- 10M ] [ SUPERFAST ] SUPER INSTANT,0.05,250,1000000, Details × ◉ Instagram : Views 
95,ID:25,Instagram Views + Impressions + Profile Visits - [ Max - 250M ] [ SUPERFAST ] SUPER INSTANT,0.05,100,250000000, Details × ◉ Instagram : Views Superfast! Order Will Be Start Instant Per Hour Speed 1.5M!Impressions Will Come Randomly From Profile Explore Home Page Other!With %20-30 Profile Visits!UNLIMITED! 
96,ID:26,Instagram Impressions + Profile Visits [ MAX- 250k ] [ FAST ] INSTANT,0.63,100,50000, Details × ◉ Instagram : Views 
97,ID:27,Instagram Views + Impression [ 900K ] [ REAL ] [ SLOW ] INSTANT,0.08,100,900000, Details × ◉ Instagram : Views Description: Sending impressions with views at the same speed will help video to appear on discover also media will get higher rank on tags places and users home page. This will help to gain organic traffic to profile. 
98,ID:28,Instagram Superfast Views + Impression [ 900K ] [ REAL ] INSTANT,0.06,500,900000, Details × ◉ Instagram : Views this one is really popular because it puts the video on discover in a few minutes and drives crazy real organic traffic to profile. 
99,ID:29,Instagram Video Views + Impression [ Ultrafast ] INSTANT,0.06,100,5000000, Details × ◉ Instagram : Views 
100,ID:30,Instagram Video Views + Explore [ Ultrafast ] INSTANT,0.06,250,2000000, Details × ◉ Instagram : Views 
101,ID:31,Instagram Video Views + Home [ Ultrafast ] INSTANT,0.06,100,2000000, Details × ◉ Instagram : Views 
102,ID:32,Instagram Video Views + Locations [ Ultrafast ] INSTANT,0.06,100,2000000, Details × ◉ Instagram : Views 
103,ID:33,Instagram Video ( Views + Location+ Impression + Explore + Home + Profile ) INSTANT,0.11,100,2000000, Details × ◉ Instagram : Views 
104,ID:34,Instagram Views Impression + Only Other [ INSTANT ],0.07,100,50000, Details × ◉ Instagram : Views 
105,ID:358,♚ Instagram Followers [ 𝑴𝒂𝒙 - 15𝒌 ] [ 500-1𝒌/𝒅𝒂𝒚 ] [ 30 Days Refill ] INSTANT,2.19,150,15000, Details × ◉ Instagram Followers - [ Guaranteed ] 
106,ID:296,✯ 𝓑𝓮𝓼𝓽 Instagram 🅷🆀 Followers - [ Fast ] - [ 30% 𝐃𝐫𝐨𝐩 𝐎𝐧𝐥𝐲 ],2.55,100,5000, Details × ◉ Instagram Followers - [ Guaranteed ] ✇ Start Time: Instant 6 Hours♛ Speed per Day: 𝟏𝐤/𝐃𝐚𝐲★ 𝟏𝟎 𝐃𝐚𝐲𝐬 𝐌𝐚𝐧𝐮𝐚𝐥 𝐑𝐞𝐟𝐢𝐥𝐥 ©▼ Minimum Order: 500▲ Maximum Order: 3000 
107,ID:357,𝓝𝓮𝔀 Instagram Followers ✈ ( Less Drop/Stable) (30 Days Refill) - INSTANT 0-1 hours,3.00,100,30000, Details × ◉ Instagram Followers - [ Guaranteed ] 𝑰𝒏𝒔𝒕𝒂𝒏𝒕 𝑺𝒕𝒂𝒓𝒕 0-130 𝒅𝒂𝒚𝒔 𝑹𝒆𝒇𝒊𝒍𝒍𝑳𝒆𝒔𝒔 𝑫𝒓𝒐𝒑2𝒌-3𝒌 𝑷𝒆𝒓 𝑫𝒂𝒚𝑹𝒆𝒄𝒐𝒎𝒎𝒆𝒏𝒅𝒆𝒅 
108,ID:298,Instagram ♥ 𝐔𝐒𝐀 ♥ FOLLOWERS Best-Service [Max-100K] [𝐑𝐄𝐅𝐈𝐋𝐋 𝟑𝟎𝐃𝐀𝐘𝐒] SUPER-INSTANT ♻,3.80,100,100000, Details × ◉ Instagram Followers - [ Guaranteed ] ✇ Start Time: 🎀 𝒮𝓊𝓅𝑒𝓇 𝐼𝓃𝓈𝓉𝒶𝓃𝓉 🎀♛ Speed per Day: 3𝐤/𝓓𝓪𝔂★ 𝓛𝓮𝓼𝓼 𝓓𝓻𝓸𝓹 ©▼ Minimum Order: 100▲ Maximum Order: 10 0000 
109,ID:271,♛Instagram Followers [Max-10k] [5k/Day] [30Days Refill] 𝐑𝐞𝐟𝐢𝐥𝐥 𝐛𝐮𝐭𝐭𝐨𝐧 𝐄𝐧𝐚𝐛𝐥𝐞𝐝 ♻🔥,3.20,100,20000, Details × ◉ Instagram Followers - [ Guaranteed ] Start times : 0 - 1HSpeed/day : 5K+Quality: MQ - Mixed QualityRefill Guarantee : 30 Days [ Button Enabled ]Min/Max : 100/20kNOTE : Followers Must Not Drop More Then Start Count. 
110,ID:360,Instagram Followers - [ Fast ] [ Max 15k ] [ 𝐎𝐥𝐝 𝐀𝐜𝐜𝐨𝐮𝐧𝐭𝐬 ] Instant With 𝑹𝒆𝒇𝒊𝒍𝒍 𝑩𝒖𝒕𝒕𝒐𝒏,3.25,100,15000, Details × ◉ Instagram Followers - [ Guaranteed ] 𝑰𝒏𝒔𝒕𝒂𝒏𝒕 𝑺𝒕𝒂𝒓𝒕 0-10 𝑴𝒊𝒏𝒖𝒕𝒆𝒔𝑳𝒆𝒔𝒔 𝑫𝒓𝒐𝒑 [ 10-15% 𝑺𝒐𝒎𝒆𝒕𝒊𝒎𝒆 𝑶𝒏𝒍𝒚 ]30 𝑫𝒂𝒚𝒔 𝑹𝒆𝒇𝒊𝒍𝒍 [ 𝑩𝒖𝒕𝒕𝒐𝒏 𝑬𝒏𝒂𝒃𝒍𝒆 ]60-70% 𝑶𝒍𝒅 𝑨𝒄𝒄𝒐𝒖𝒏𝒕𝒔𝑹𝒆𝒄𝒐𝒎𝒎𝒆𝒏𝒅𝒆𝒅 𝑺𝒆𝒓𝒗𝒊𝒄𝒆 
111,ID:272,Instagram Followers [𝗛𝗤 - 𝗠𝗮𝘅 𝟱𝟬𝗞] [2K+/Day] [0-2 Hour] ~ 𝐑efill Button Enable,3.42,100,50000, Details × ◉ Instagram Followers - [ Guaranteed ] Start times : 0 - 2HSpeed/day : 2K+Quality: HQ - Look Like Real AccountsRefill Guarantee : 30 Days [ Button Enabled ]Min/Max : 100/50kNOTE : Followers Must Not Drop More Then Start Count. 
112,ID:269,𝑰𝒏𝒔𝒕𝒂𝒈𝒓𝒂𝒎 𝑯𝑹 𝑭𝒐𝒍𝒍𝒐𝒘𝒆𝒓𝒔 - [ 5-10% 𝑫𝒓𝒐𝒑 𝑶𝒏𝒍𝒚 ] [100% 𝑹𝑬𝑨𝑳 𝑭𝑶𝑳𝑳𝑶𝑾𝑬𝑹𝑺] [𝑴𝑹~7] 𝑰𝑵𝑺𝑻𝑨𝑵𝑻🔥⚡,3.75,100,10000, Details × ◉ Instagram Followers - [ Guaranteed ] Start time: Instant to 1 HourSpeed: 4K+/ DayYou can order again once the order is doneReal users might unfollow 
113,ID:273,(っ◔◡◔)っ ♥ Instagram Ultra HQ Followers [ R30 - REAL ] [ 𝑨𝑳𝑴𝑶𝑺𝑻 𝑵𝑶𝑵 𝑫𝑹𝑶𝑷 ] ♥,5.80,100,1000000, Details × ◉ Instagram Followers - [ Guaranteed ] Start times : Instant Start AlmostSpeed/day : 3K+/ DayQuality: UHQ - Look Like Real AccountsRefill Guarantee : 30 Days [ Button Enabled ]Min/Max : 100/100kNOTE : Followers Must Not Drop More Then Start Count. 
114,ID:176,Instagram HQ Followers -  [100% REAL FOLLOWERS] [ Almost NON DROP ] Start: 0-1hr 🔥🔥🔥,4.20,100,15000, Details × ◉ Instagram Followers - [ Guaranteed ] ⌛ Estimated Start Time: 0-3 Hours!⚡Delivery speed: 5k Per Day!♛ Min: 100 Max: 15K!Best in Refill!-------------------------------------------------------♻ Refill: 30 Days Refill. [ NON DROP ]✔️100% High Quality REAL Accounts. 
115,ID:175,Instagram HR Followers - [ Ultra Fast ] [100% REAL FOLLOWERS] [MR~7] INSTANT🔥⚡,3.72,100,10000, Details × ◉ Instagram Followers - [ Guaranteed ] 🔥100% REAL ACCOUNTS 🔥⌛ Start Time: 0-1hrs | ⚡ Delivery speed: 4K/Day!♻ Guarantee: 7 Days Manual-Refill!♛ Min: 100 Max: 4K! 
116,ID:241,Instagram HQ Followers S1🔥 - [ Max - 10K ][ Speed: 500-800/Day ][ 30 Days Refill Button✔ ][ Recommended ] Start: 0-1 hr♻🔥,3.45,100,20000, Details × ◉ Instagram Followers - [ Guaranteed ] Start: 0-1 hr ♻🔥 HQ Followers 🔥 [ Max - 10K ][ Speed: 500-800/Day ][ 30 Days Refill Button✔ ][ Recommended ] 
117,ID:274,𝑰𝒏𝒔𝒕𝒂𝒈𝒓𝒂𝒎 𝑯𝑹 𝑭𝒐𝒍𝒍𝒐𝒘𝒆𝒓𝒔 - [ 5-10% 𝑫𝒓𝒐𝒑 𝑶𝒏𝒍𝒚 ] [100% 𝑹𝑬𝑨𝑳 𝑭𝑶𝑳𝑳𝑶𝑾𝑬𝑹𝑺] [𝑴𝑹~30] 𝑰𝑵𝑺𝑻𝑨𝑵𝑻🔥⚡,6.00,500,70000, Details × ◉ Instagram Followers - [ Guaranteed ] 
118,ID:228,Instagram 𝐀𝐝𝐬 𝐅𝐨𝐥𝐥𝐨𝐰𝐞𝐫𝐬 - Special  [𝙍𝙚𝙖𝙡 & 𝘼𝙘𝙩𝙞𝙫𝙚 ] (Max 500) - 6 hours,4.25,500,500, Details × ◉ Instagram Followers - [ Guaranteed ] Start times : 0-6 HoursQuality: Real & Active AccountsSpecialty: Search Results 💯% 𝑮𝒓𝒐𝒘𝒊𝒏𝒈 𝑰𝒏𝒔𝒕𝒂𝒈𝒓𝒂𝒎 𝑷𝒂𝒈𝒆 
119,ID:229,Instagram 𝐀𝐝𝐬 𝐅𝐨𝐥𝐥𝐨𝐰𝐞𝐫𝐬 - Special  [𝙍𝙚𝙖𝙡 & 𝘼𝙘𝙩𝙞𝙫𝙚 ] (Max 1k) - 6 hours,4.70,1000,1000, Details × ◉ Instagram Followers - [ Guaranteed ] Start times : 0-6 HoursQuality: Real & Active AccountsSpecialty: Search Results 💯% 𝑮𝒓𝒐𝒘𝒊𝒏𝒈 𝑰𝒏𝒔𝒕𝒂𝒈𝒓𝒂𝒎 𝑷𝒂𝒈𝒆 
120,ID:230,Instagram 𝐀𝐝𝐬 𝐅𝐨𝐥𝐥𝐨𝐰𝐞𝐫𝐬 - Special  [𝙍𝙚𝙖𝙡 & 𝘼𝙘𝙩𝙞𝙫𝙚 ] (Max 2k) - 6 hours,4.95,2000,2000, Details × ◉ Instagram Followers - [ Guaranteed ] Start times : 0-6 HoursQuality: Real & Active AccountsSpecialty: Search Results 💯% 𝑮𝒓𝒐𝒘𝒊𝒏𝒈 𝑰𝒏𝒔𝒕𝒂𝒈𝒓𝒂𝒎 𝑷𝒂𝒈𝒆 
121,ID:329,Instagram 𝐀𝐝𝐬 𝐅𝐨𝐥𝐥𝐨𝐰𝐞𝐫𝐬 - Special [𝙍𝙚𝙖𝙡 & 𝘼𝙘𝙩𝙞𝙫𝙚 ] (Max 5k) - 6 hours,5.90,5000,5000, Details × ◉ Instagram Followers - [ Guaranteed ] 
122,ID:330,Instagram 𝐀𝐝𝐬 𝐅𝐨𝐥𝐥𝐨𝐰𝐞𝐫𝐬 - Special [𝙍𝙚𝙖𝙡 & 𝘼𝙘𝙩𝙞𝙫𝙚 ] (Max 10k) - 6 hours,8.00,10000,10000, Details × ◉ Instagram Followers - [ Guaranteed ] 
123,ID:314,Instagram Followers [𝐋𝐞𝐬𝐬 𝐃𝐫𝐨𝐩] [5𝟎% 𝓡𝓔𝓐𝓛] [ MAX 1K ]- Instant 💥,1.25,50,1000, Details × ◉ Instagram : Followers [ HQ - No Refill ] 
124,ID:315,Instagram Followers [𝐋𝐞𝐬𝐬 𝐃𝐫𝐨𝐩] [50% 𝓡𝓔𝓐𝓛] [ MAX 2K ]- Instant 💥,1.35,50,2000, Details × ◉ Instagram : Followers [ HQ - No Refill ] 
125,ID:316,Instagram Followers [𝐋𝐞𝐬𝐬 𝐃𝐫𝐨𝐩] [50% 𝓡𝓔𝓐𝓛] [ MAX 3K ]- Instant 💥,1.58,100,3000, Details × ◉ Instagram : Followers [ HQ - No Refill ] 
126,ID:313,Instagram Followers [𝐋𝐞𝐬𝐬 𝐃𝐫𝐨𝐩] [𝟏𝟎𝟎% 𝓡𝓔𝓐𝓛] [ MAX 30K ]- Instant 💥,1.85,50,30000, Details × ◉ Instagram : Followers [ HQ - No Refill ] 
127,ID:163,Instagram Followers - [ Fast ] [ Max 30k ] [ RECOMMENDED ] Instant,0.50,50,30000, Details × ◉ Instagram : Followers [ LQ - No Refill ] Enter Username Only in Link Section 
128,ID:10,𝐍𝐞𝐰 Instagram Real Followers - [ SuperFast ] [ Max 50k ] Instant ⚡️⚡️,1.35,100,2000, Details × ◉ Instagram : Followers [ LQ - No Refill ] Enter Username Only in Link Section 
129,ID:66,Instagram - Story Views [ Max - 25k ] SUPER INSTANT,0.04,100,25000, Details × ◉ Instagram : Story Views 
130,ID:67,Instagram - Story Views S1 [ Username Only ] INSTANT,0.22,100,1000000, Details × ◉ Instagram : Story Views 
131,ID:68,Instagram - Story Views S4 [ REAL ] [ Max - 3k ] SUPER INSTANT,0.17,50,100000, Details × ◉ Instagram : Story Views 
132,ID:69,Instagram - Story Views S2 [ Superfast ] INSTANT,0.14,100,30000, Details × ◉ Instagram : Story Views INSTANT START RELIABLE SERVICE FOR ALL STORY 50K/DAY MIN 100 MAX 100K 
133,ID:70,Instagram - Story Views S3 [ Max - 100k ] [ Superfast ] INSTANT,0.14,100,100000, Details × ◉ Instagram : Story Views 
134,ID:71,Instagram - Story Views [LAST STORY ONLY] [ Max - 30k ] INSTANT,0.14,20,30000, Details × ◉ Instagram : Story Views Views On The Last Story Posted Only! Username Only 0-1 Hour Start! Ultra Fast! Minimum 20 
135,ID:72,Instagram - Story Views [ Max - 2k ] [ Brazil ] SUPER INSTANT,0.14,100,30000, Details × ◉ Instagram : Story Views 👉Do not put a link from your smartphone!👉Only profile link obtained by desktop or user without the @👉 All stories👉 Only stories already posted future will not come👉 The fastest in the world!🕛⚡ Estimated Start: 0-20 minutes🕛⚡ Delivery speed: 8k in 4m✅ Minimum / Maximum per request: 100-8 000✅ Link limit: 8k (do not exceed) (every 24 hours) 
136,ID:73,Instagram - Story Views [ Max - 10k ] [ Top Quality Brazil ] SUPER INSTANT,1.10,20,3000, Details × ◉ Instagram : Story Views 🕛⚡ Estimated start time: 0-60 minutes🕛⚡ Delivery speed: 1 000+/ hour✅ Public: Brazilian✅ Minimum / Maximum per request: 25-2 000✅ Link limit: 2k 
137,ID:74,Instagram - Story Views [MALE] [ Max - 30k ] INSTANT,0.28,20,300000, Details × ◉ Instagram : Story Views Username Only Views from MALE users 0-1 Hour Start! 50K/Day Minimum 20 
138,ID:75,Instagram - Story Views [FEMALE] [ Max - 30k ] INSTANT,0.28,20,30000, Details × ◉ Instagram : Story Views Username Only Views from FEMALE users 0-1 Hour Start! 50K/Day Minimum 20 
139,ID:51,Instagram Special 𝑰𝒏𝒅𝒊𝒂𝒏 Comments - [ Instant And Recommended ],25.00,1,500, Details × ◉ Instagram : Comments Start Time: 0-1 𝑯𝒐𝒖𝒓Speed: 500/𝑫𝒂𝒚Quality: 𝑺𝒖𝒑𝒆𝒓 𝑯𝒊𝒈𝒉 𝑸𝒖𝒂𝒍𝒊𝒕𝒚 𝑨𝒄𝒄𝒐𝒖𝒏𝒕𝒔Specific: 50% 𝑭𝒆𝒎𝒂𝒍𝒆 & 50% 𝑴𝒂𝒍𝒆Stable Service In Market 
140,ID:52,Instagram Custom Comments [ Always Instant ] [ Real Profile ] INSTANT,21.00,5,1000, Details × ◉ Instagram : Comments 
141,ID:54,Instagram - ( S4 ) CUSTOM COMMENTS [ Max - 500k ] INSTANT,4.70,1,500000, Details × ◉ Instagram : Comments Fastest REAL Min 10 
142,ID:56,Instagram - ( Own Server ) CUSTOM Comments ( INSTANT ),8.00,20,150000, Details × ◉ Instagram : Comments 
143,ID:57,Instagram - ( S4 ) RANDOM Comments ( INSTANT ),5.00,5,1000, Details × ◉ Instagram : Comments 
144,ID:58,Instagram - EMOJI Comments ( INSTANT ),9.00,10,1000, Details × ◉ Instagram : Comments 
145,ID:59,Instagram - English Comments   Emojies [ Instant ],7.00,10,500, Details × ◉ Instagram : Comments 
146,ID:64,Instagram - RANDOM Comments [FEMALE] INSTANT-1HRS,49.00,10,200, Details × ◉ Instagram : Comments 
147,ID:65,Instagram - CUSTOM Comments [FEMALE] INSTANT-1HRS,61.00,10,200, Details × ◉ Instagram : Comments 
148,ID:84,Instagram - Live Video Views [ Username Only ] INSTANT,4.50,25,100000, Details × ◉ Instagram : Live 
149,ID:85,Instagram - Live Video Likes ( INSTANT ),0.85,200,10000, Details × ◉ Instagram : Live 
150,ID:86,Instagram - Live Video Random Comments ( INSTANT ),26.00,50,2000, Details × ◉ Instagram : Live 
151,ID:87,Instagram Likes - Live Video [ Username Only ] INSTANT,0.93,20,100000, Details × ◉ Instagram : Live 
152,ID:46,Instagram - Impression [ 100k/day ] INSTANT,0.11,100,1000000, Details × ◉ Instagram : Impression / Tv 
153,ID:47,Instagram - Impression USA [ 100k/day ] INSTANT,0.13,100,10000000, Details × ◉ Instagram : Impression / Tv 
154,ID:48,Instagram - Impression + Reach [ Superfast ] INSTANT,0.16,100,100000, Details × ◉ Instagram : Impression / Tv 
155,ID:49,Instagram - Reach [ Max - 50k ] [ Superfast ] INSTANT,0.06,25,50000, Details × ◉ Instagram : Impression / Tv 
156,ID:50,Instagram Photo ( Impression + Location + Explore + Home+ Profile ) INSTANT,0.21,100,1000000, Details × ◉ Instagram : Impression / Tv Its good for ranking! Min 100 Maximum 1 million! 
157,ID:160,Instagram TV Views [1M/day] [ Cheapest in market],0.03,500,10000000, Details × ◉ Instagram : Impression / Tv 
158,ID:161,Instagram TV Views {5M} [ 1m/Day],0.07,200,500000, Details × ◉ Instagram : Impression / Tv 
159,ID:162,Instagram TV Views [5M/day],0.11,200,100000000, Details × ◉ Instagram : Impression / Tv 
160,ID:242,Instagram - TV Likes S1 [ Instant ],2.60,20,2000, Details × ◉ Instagram : Impression / Tv 
161,ID:77,Instagram - Saves S3 [ Fastest ] INSTANT,0.18,20,20000, Details × ◉ Instagram : Saves/ Profile Vists 
162,ID:78,Instagram - Saves S2 [ Superfast ] INSTANT,0.23,10,15000, Details × ◉ Instagram : Saves/ Profile Vists 
163,ID:79,Instagram - Saves S1[ Superfast ] INSTANT,0.23,20,10000000, Details × ◉ Instagram : Saves/ Profile Vists 
164,ID:80,Instagram - Highlights Views [ Max - 20k ] INSTANT,2.19,20,20000, Details × ◉ Instagram : Saves/ Profile Vists Get Instagram Highlights Views on ALL your HIGHLIGHTS! Add Username Only! Min 20 Max 20k 
165,ID:81,Instagram Profile Visits [ Max - 100k  5x20k ] [ HQ ] SUPER INSTANT,0.35,1000,100000," Details × ◉ Instagram : Saves/ Profile Vists 👉 For commercial profiles👉 Updates midnight numbers👉 Go to ""Information"" or header profile👉 Multiple of 1000 (2000 3000 5000 10000 ...)🕛⚡ Estimated start time: 0-60 minutes🕛⚡ Delivery speed: 20 000 + / day✅ Public: Brazilian / World✅ Minimum / Maximum per request: 1000-20 000✅ Link limit: 100k❌ Do not put a photo or video link it is a link of the profile or user "
166,ID:82,Instagram Profile Visits [ Max - 100k ] [ HQ ] INSTANT,0.14,10,100000, Details × ◉ Instagram : Saves/ Profile Vists 
167,ID:83,Instagram Comment Likes [ Ultrafast ] [ Max - 5k ] SUPER INSTANT,1.38,100,10000, Details × ◉ Instagram : Saves/ Profile Vists 
168,ID:93,Tiktok Views [10M] [1H - 50K/Day],0.04,1000,10000000, Details × ◉ TikTok Services 
169,ID:288,Tiktok Likes [10k] [3-4k Per Day],2.50,100,10000, Details × ◉ TikTok Services 
170,ID:90,TikTok Followers [5K] [Lifetime Guarantee] [24H - 1K/Day],6.48,500,5000, Details × ◉ TikTok Services 
171,ID:95,Tiktok Followers [10K] [R30] [1H - 200/Day] [REAL],8.79,100,10000, Details × ◉ TikTok Services 
172,ID:92,Tiktok Followers [50K] [4H - 150/Day] [REAL],11.52,100,50000, Details × ◉ TikTok Services 
173,ID:97,TikTok AUTO Views [MONTHLY PACKAGE],12.00,500,10000000, Details × ◉ TikTok Services 
174,ID:103,Facebook Page Likes [ 30 days refill] [ No drop from 1 year] [5k/hour],6.60,1000,5000, Details × ◉ Facebook : Page Likes 30 days refillstart - instant to 1 hourspeed - 5000/hourno drop from 1 year 
175,ID:98,Facebook Page Likes [HQ] [30 Days Refill 1k-3k Likes Per day] - INSTANT,10.00,500,25000, Details × ◉ Facebook : Page Likes 1-4 hour startspeed 1-3k likes per day 30 days refill guaranteeNon Drop FB likes 
176,ID:99,Facebook Page Likes ( 30 Days Refill ) Super Fast Real [Recommended],14.40,500,20000, Details × ◉ Facebook : Page Likes Min 50Max 20kSpeed 1 - 2k/dayStart Instant - 6hours 
177,ID:100,Facebook Page Likes [HQ] {No Refill] - INSTANT Start (4k+/day Speed ),9.60,500,100000, Details × ◉ Facebook : Page Likes Min 50Max 100000Speed 3-4k/dayStart Instant - 6hours 
178,ID:102,Facebook FanPage Likes [0-500] [LQ- Start instant - 3 hour] [NR],4.20,500,500, Details × ◉ Facebook : Page Likes speed = instant finish | quality = LQ | No Refill/Refund in any case 
179,ID:105,Facebook Post Likes [Instant - 3 hour start]  [NR],1.53,100,500, Details × ◉ Facebook Post/Photo/Emoticons speed = instant finish | quality = LQ | No Refill/Refund in any case 
180,ID:297,Facebook Page Followers [ 30 days refill ] [ Less Drop ],4.68,100,100000, Details × ◉ Facebook Followers Start Time: 0-6 hour Speed per Day: 1 000 30 Days Refill GuaranteeMinimum Order: 100 Maximum Order: 10 000 
181,ID:384,𝓑𝓮𝓼𝓽 Facebook [💯% Working] Views -  30k Per Day,0.60,5000,1000000, Details × ◉ Facebook Video Views Start Time: 0 - 24hSpeed: 30k+/dayGuarantee: Non Drop 
182,ID:108,Facebook Views Retention 20 seconds [ 10K/day No Refill ],1.20,100,3000, Details × ◉ Facebook Video Views 
183,ID:109,Facebook Views Retention 40 seconds [ 10k/day No Refill ],0.14,100,100000, Details × ◉ Facebook Video Views 
184,ID:110,Facebook Views Retention 60 seconds [ 10k/day No Refill ],0.17,100,1000000, Details × ◉ Facebook Video Views 
185,ID:111,Facebook Video Views [ 100% retention ] [10k/day No refill],0.30,100,1000000, Details × ◉ Facebook Video Views 
186,ID:112,♛Twitter Followers [30 Days Refill Button ] [ Less Drop ] [500/day] Instant,6.00,10,6000, Details × ◉ Twitter Followers / Retweets Non Drop30 days refillSpeed 1k-3k per day 
187,ID:113,♛Twitter Followers [ No refill ] [ Looking Real ] [ Speed: 2k/day ] [ Start 0-1 hours],1.50,10,50000, Details × ◉ Twitter Followers / Retweets 0-6 hours startno refill no refund20k in 1 day 
188,ID:279,♛Twitter Followers [50K] [R30] [REAL] [4H -5K-10k/Day],9.00,100,50000, Details × ◉ Twitter Followers / Retweets 
189,ID:280,♛Twitter-Likes [50K] [No Refill ] [Looking REAL] [0-2H-2k/Day],1.45,50,50000, Details × ◉ Twitter Followers / Retweets 
190,ID:281,♛Twitter Retweets - [Max - 50k] [2k/day] [ No Refill ] [0-1 Hrs Instant],3.45,10,50000, Details × ◉ Twitter Followers / Retweets 
191,ID:114,Twitter Views [1M] ⚡️💧⭐,1.68,100,100000, Details × ◉ Twitter Likes / Views / Impressions Instant Start 500-3 000/day speed No Refill / No refund 
192,ID:115,Twitter Impressions [1M],1.68,100,1000000, Details × ◉ Twitter Likes / Views / Impressions 
193,ID:116,Twitter Video Views [ Max 5m ],0.29,100,10000000, Details × ◉ Twitter Likes / Views / Impressions 
194,ID:117,Twitter Impression [ Max 5m ],0.29,100,5000000, Details × ◉ Twitter Likes / Views / Impressions 
195,ID:118,Twitter Profile Click [ Max 10k ],0.29,100,10000000, Details × ◉ Twitter Likes / Views / Impressions 
196,ID:119,Twitter Hashtag Click [ Max 10k ],0.29,100,10000000, Details × ◉ Twitter Likes / Views / Impressions 
197,ID:120,Twitter Link Click [ Max 10k ],0.29,100,10000000, Details × ◉ Twitter Likes / Views / Impressions 
198,ID:377,𝐒𝐡𝐨𝐩𝐞𝐞 Live-Stream [ 1k views ] (30 min),28.80,50,10000, Details × ◉ 𝑺𝒉𝒐𝒑𝒆𝒆 Live-stream (𝐇𝐨𝐮𝐫𝐥𝐲) 𝑨𝒍𝒘𝒂𝒚𝒔 𝑰𝒏𝒔𝒕𝒂𝒏𝒕𝑩𝒆𝒔𝒕 𝑰𝒏 𝑻𝒉𝒆 𝑴𝒂𝒓𝒌𝒆𝒕𝑾𝒐𝒓𝒌𝒊𝒏𝒈 𝑮𝒐𝒐𝒅 
199,ID:378,𝐒𝐡𝐨𝐩𝐞𝐞 Live-Stream [ 1k views ] (60 min),57.60,50,10000, Details × ◉ 𝑺𝒉𝒐𝒑𝒆𝒆 Live-stream (𝐇𝐨𝐮𝐫𝐥𝐲) 𝑨𝒍𝒘𝒂𝒚𝒔 𝑰𝒏𝒔𝒕𝒂𝒏𝒕𝑩𝒆𝒔𝒕 𝑰𝒏 𝑻𝒉𝒆 𝑴𝒂𝒓𝒌𝒆𝒕𝑾𝒐𝒓𝒌𝒊𝒏𝒈 𝑮𝒐𝒐𝒅 
200,ID:379,𝐒𝐡𝐨𝐩𝐞𝐞 Live-Stream [ 1k views ] (90 min),86.40,50,10000, Details × ◉ 𝑺𝒉𝒐𝒑𝒆𝒆 Live-stream (𝐇𝐨𝐮𝐫𝐥𝐲) 𝑨𝒍𝒘𝒂𝒚𝒔 𝑰𝒏𝒔𝒕𝒂𝒏𝒕𝑩𝒆𝒔𝒕 𝑰𝒏 𝑻𝒉𝒆 𝑴𝒂𝒓𝒌𝒆𝒕𝑾𝒐𝒓𝒌𝒊𝒏𝒈 𝑮𝒐𝒐𝒅 
201,ID:380,𝐒𝐡𝐨𝐩𝐞𝐞 Live-Stream [ 1k views ] (120 min),115.20,50,10000, Details × ◉ 𝑺𝒉𝒐𝒑𝒆𝒆 Live-stream (𝐇𝐨𝐮𝐫𝐥𝐲) 𝑨𝒍𝒘𝒂𝒚𝒔 𝑰𝒏𝒔𝒕𝒂𝒏𝒕𝑩𝒆𝒔𝒕 𝑰𝒏 𝑻𝒉𝒆 𝑴𝒂𝒓𝒌𝒆𝒕𝑾𝒐𝒓𝒌𝒊𝒏𝒈 𝑮𝒐𝒐𝒅 
202,ID:381,𝐒𝐡𝐨𝐩𝐞𝐞 Live-Stream [ 1k views ] (180 min),172.80,50,10000, Details × ◉ 𝑺𝒉𝒐𝒑𝒆𝒆 Live-stream (𝐇𝐨𝐮𝐫𝐥𝐲) 𝑨𝒍𝒘𝒂𝒚𝒔 𝑰𝒏𝒔𝒕𝒂𝒏𝒕𝑩𝒆𝒔𝒕 𝑰𝒏 𝑻𝒉𝒆 𝑴𝒂𝒓𝒌𝒆𝒕𝑾𝒐𝒓𝒌𝒊𝒏𝒈 𝑮𝒐𝒐𝒅 
203,ID:382,𝐒𝐡𝐨𝐩𝐞𝐞 Live-Stream [ 1k views ] (240 min),230.40,50,10000, Details × ◉ 𝑺𝒉𝒐𝒑𝒆𝒆 Live-stream (𝐇𝐨𝐮𝐫𝐥𝐲) 𝑨𝒍𝒘𝒂𝒚𝒔 𝑰𝒏𝒔𝒕𝒂𝒏𝒕𝑩𝒆𝒔𝒕 𝑰𝒏 𝑻𝒉𝒆 𝑴𝒂𝒓𝒌𝒆𝒕𝑾𝒐𝒓𝒌𝒊𝒏𝒈 𝑮𝒐𝒐𝒅 
204,ID:383,𝐒𝐡𝐨𝐩𝐞𝐞 Live-Stream [ 1k views ] (300 min),290.40,50,10000, Details × ◉ 𝑺𝒉𝒐𝒑𝒆𝒆 Live-stream (𝐇𝐨𝐮𝐫𝐥𝐲) 𝑨𝒍𝒘𝒂𝒚𝒔 𝑰𝒏𝒔𝒕𝒂𝒏𝒕𝑩𝒆𝒔𝒕 𝑰𝒏 𝑻𝒉𝒆 𝑴𝒂𝒓𝒌𝒆𝒕𝑾𝒐𝒓𝒌𝒊𝒏𝒈 𝑮𝒐𝒐𝒅 
205,ID:121,Pinterest Followers,2.40,25,100000, Details × ◉ Pinterest 
206,ID:122,Pinterest Board Followers,2.40,10,250000, Details × ◉ Pinterest 
207,ID:123,Pinterest Likes,2.40,25,250000, Details × ◉ Pinterest 
208,ID:124,Spotify Playlists,6.00,50,100000, Details × ◉ Spotify 
209,ID:125,Spotify Plays,1.20,1000,1000000, Details × ◉ Spotify 
210,ID:126,SPOTIFY PLAYS [ 70-100K PER DAY ],1.08,1000,1000000, Details × ◉ Spotify - Spotify Plays - Tracks + Albums- Up to 50K per Day Speed - Up to 12 Hours Start- Min = 50K- Max = 1M 
211,ID:127,Spotify - Followers ~ Super Fast,1.80,20,100000, Details × ◉ Spotify Quality: 100% High-Quality AccountGuarantee: No Drop - Life Time GuaranteeMinimum Order: 1000 Maximum Order: 500 000 Start: Instant ( Avg 0-3 hrs ) Speed: 500 to 5000 per 24 hours 
212,ID:128,𝐁𝐄𝗦𝐓 ~ Spotify - Followers+ ~ Super Fast,1.13,20,100000, Details × ◉ Spotify Quality: 50% Quality AccountGuarantee: No Drop - Life Time GuaranteeMinimum Order: 1000 Maximum Order: 500 000 Start: Instant ( Avg 0-3 hrs ) Speed: 500 to 5000 per 24 hours 
213,ID:129,Spotify - Playlist Followers,1.16,20,100000, Details × ◉ Spotify Quality: 100% High-Quality AccountGuarantee: No Drop - Life Time GuaranteeMinimum Order: 100 Maximum Order: 100 000 Start: Instant ( Avg 0-3 hrs ) Speed: 500 to 5000 per 24 hours 
214,ID:130,Spotify - Plays ~ Server 2,1.01,1000,100000000, Details × ◉ Spotify Quality: Plays from High-Quality AccountGuarantee: No Drop - Life Time GuaranteeMinimum Order: 50kMaximum Order: 1000 000 Start: Instant ( Avg 0-3 hrs ) Speed: 20k to 50k per 24 hoursCorrect format: https://open.spotify.com/track/40Zb4FZ6nS1Hj8RVfaLkCVDon't Order Album LinkNote: Adding Faster plays can be bad for your song if your track remove we will not refund or refill 
215,ID:131,Spotify - Plays ~ Server 3 ~ Super High Speed,1.16,1000,1000000000, Details × ◉ Spotify Quality: Plays from High-Quality AccountGuarantee: No Drop - Life Time GuaranteeMinimum Order: 1kMaximum Order: 50 000 Start: Instant ( Avg 0-3 hrs ) Speed: 5k to 10k per 24 hoursCorrect format: https://open.spotify.com/track/40Zb4FZ6nS1Hj8RVfaLkCVDon't Order Album LinkNote: Adding Faster plays can be bad for your song if your track remove we will not refund or refill 
216,ID:132,Spotify - Playlist | Album Plays,1.13,5000,1000000, Details × ◉ Spotify ~ Spotify Playlist or Album Plays ~ Min: 5000 Plays~ Max: 1000000 Plays~ URL Format: Spotify Playlist URL ~ Start Time: 0-12 Hrs ~ Royalties Eligible~ Required: Minimum 5 Song under the playlist to accept your orderCorrect format: https://open.spotify.com/album/2beOdusX0eDgXQ7KdX8IVfhttps://open.spotify.com/playlist/4jHJBBSbRZp2SNFeHoJMfADon't Order Song/track LinkHow does it work?- If the playlist has 10 songs. W will split the plays between all this 10 Song/track.- If the playlist has 20 songs. W will split the plays between all this 20 Song/track.Note: It will increase your month listener for each track as well.90-120 Play Time!You will increase your Monthly Listeners count!1h-12h Manual Start ( usually within the first hours); Daily start Monday to Friday. On weekends we might not start new orders.(Internal counter won't mess with your organic new plays so you can use it on bigger artists as well not just new ones!); Custom speed is disabled! If you need faster places add multiple orders for multiple songs!Non Drop ( 60 days guarantee); Add multiple of 1000 Plays! 
217,ID:139,Telegram Public Channel Members [3K],0.90,1000,10000, Details × ◉ Telegram Start Time: Instant - 1 hoursSpeed: 24-48 Hours DeliveryRefill: noSpecs: Only For ChannelsPlease Enter Channel Link [ Not Username ] 
218,ID:140,Telegram - Post View [S1] [Last 1 Posts ] [ 150k],0.04,100,10000, Details × ◉ Telegram Super fast150K max 
219,ID:141,Telegram - Post View [S2] [Last 5 Posts] [ 150k],0.18,100,35000, Details × ◉ Telegram 0-1 Hour Start! 24 Hours Delivery Minimum 100 5 to 10K per Day speed! 
220,ID:142,Telegram - Post View [S2] [Last 10 Posts] [ 150k],0.36,100,35000, Details × ◉ Telegram 0-1 Hour Start! 24 Hours Delivery Minimum 100 5 to 10K per Day speed! 
221,ID:143,Telegram - Post View [S2] [Last 20 Posts] [ 150k],0.72,100,35000, Details × ◉ Telegram 0-1 Hour Start! 24 Hours Delivery Minimum 100 5 to 10K per Day speed! 
222,ID:144,Telegram Vote [Like] [10K] [2k/Day],27.60,100,5000, Details × ◉ Telegram telegram vote (like)Min 100 And Max 5Kstart 0 - 8 Hoursup 2K - 5K per day speedLink Example: post Link | button text Drmagic Exclusive service in the world 
223,ID:145,Telegram Group Members [10K],3.90,100,10000, Details × ◉ Telegram Only For GroupNo ActivitySuper Instant Delivery0-8 Hour Start!Minimum 100 10K Per Day Speed! Example link: https://t.me/joinchat/Imy-SxcbZE7tAepynRhpew 
224,ID:199,30 day refill [ 30+ Min ],1800.00,100,4000, Details × 🔒 PRIVATE skype:socialworldpanel 
225,ID:245,🔰 YouTube 4K Watch Hours [ 30 days ],500.00,500,4000, Details × 🔒 PRIVATE ‼️ Note:- Minimum 1 Hour Video Required🕛Start Time : 0-1 Hour🔥Speed : 1000 Hrs/day speed📢Quantity 1000 = 1000 Watch Hours💯% Real Views ♻️ 30 days Refill🔰 OWN SERVICE [WE ARE PROVIDER OF THIS SERVICE] 
226,ID:259,🔰 YouTube 4K Watch Hours [ NON DROP ],109.95,100,4000, Details × 🔒 PRIVATE 
227,ID:173,YT No drop Sub,100.00,100,5000, Details × 🔒 PRIVATE 
228,ID:252,YT Subscribers,800.00,100,30000, Details × 🔒 PRIVATE 
229,ID:253,120,22.20,100,2500, Details × 🔒 PRIVATE 
230,ID:339,100k - 300K Speed YT Views,0.90,50000,1000000000, Details × 🔒 PRIVATE 
231,ID:328,UHQ Followers,6.00,100,1000000, Details × 🔒 PRIVATE 
232,ID:350,Watchtime Service 120,999.00,500,4000, Details × 🔒 PRIVATE 
233,ID:179,Watchtime 60,999.00,500,4000, Details × 🔒 PRIVATE 
234,ID:305,Netflix Account [ 30 Days ],999.00,1000,4000, Details × 🔒 PRIVATE 
235,ID:200,Likes Fast [ 30 days ],999.00,50,20000, Details × 🔒 PRIVATE 
236,ID:243,zaki7el Adword  - Views,1.15,100000,100000000, Details × 🔒 PRIVATE Morocco🇲🇦- Algerie- Tunisie- Libya- Egypte- KSA- UAE- QATAR- Kuwait- Jordan- Lebanon- Bahrain- Oman- Iraq- Yemen-Syria Turkey- France- Spain- Italie- Germany- Belguim- USA- Canada 
237,ID:361,Instagram Followers - Only VIP,999.00,100,50000, Details × 🔒 PRIVATE 
238,ID:276,100 to 500,20.00,100,500, Details × 🔒 PRIVATE 
239,ID:265,1000,13.00,1000,1000, Details × 🔒 PRIVATE 
240,ID:266,2000,26.00,1000,1000, Details × 🔒 PRIVATE 
241,ID:267,3000,39.00,1000,1000, Details × 🔒 PRIVATE 
242,ID:268,4000,52.00,1000,1000, Details × 🔒 PRIVATE 
243,ID:290,Likes Fast,0.95,100,30000, Details × 🔒 PRIVATE 
244,ID:326,test IG,2.07,20,20000, Details × 🔒 PRIVATE 
245,ID:333,Private Likes - Server 2 Ultra Fast,2.30,100,20000, Details × 🔒 PRIVATE 
246,ID:331,Private Likes - Server Ultra Fast,2.50,100,20000, Details × 🔒 PRIVATE 
247,ID:351,WATCHTIME 30,999.00,100,4000, Details × 🔒 PRIVATE 
248,ID:352,Watchtime 20,15.00,100,10000, Details × 🔒 PRIVATE 
249,ID:353,Private Hours 10 MINUTES,999.00,500,10000, Details × 🔒 PRIVATE 
250,ID:386,Deal [ YT views ],0.95,1000,100000000, Details × 🔒 PRIVATE 
251,ID:374,🔎 Germany Traffic from Google.de Search [Organic] [Custom Keywords],0.80,1000,1000000," Details × ♛ Website Traffic from Germany [ + Choose Referrer ] Germany Traffic from Google.de - Custom Keywords★ Increase your Traffic from Keywords☆ Increase your Organic Traffic from Google💻 Desktop Traffic 45-55%📱 Mobile Traffic 45-55%✓ Google Analytics Supported✓ Yandex Statistics Supported✓ You can use bit.ly to track results ⌛️ Long Sessions (Up to 60+ Seconds)➘ Natural Bounce Rates: ~30-40%⚡️ Speed Up to 100 000 Visits per day⚠️ No Adult Drugs or other harmful websites allowed⚠️ Campaign ETA: 12-24h (all links are manually checked for compliance)☑️ Link Format:- Put a link and your keyword with separator For example if you need keyword ""testing traffic"" use such string:https://www.domain.com:testing trafficorhttp://bit.ly/xyz:testing trafficWant to use more keywords? Just make another order with the same link different keyword. "
