ID,Site,Product,Price/1000,Min,Max,Active,Real,Bot,No Drip,Drip,Non-drip,No Drop,Drop,Non-drop,Random,Custom,No Refill,Refill,Non-refill,Female,Male,Power,HQ,LQ,No Guarantee,Guarantee,Refund,No refund,Non-refund,Slow,Fast,Instant,Day,Hour,Bundle,Geo,From,Service
826,Instagram,like,0.6,20,20000,False,True,False,False,False,False,True,True,False,False,False,False,True,False,False,False,False,True,False,False,False,False,False,False,False,False,True,True,False,False,Unspecified,Unspecified,Instagram REAL ACCOUNT  likes no drop service
755,Instagram,like,0.6,20,5000,False,True,False,False,False,False,False,True,False,False,False,False,True,False,False,False,False,True,False,False,False,False,False,False,False,False,True,False,True,False,Unspecified,Unspecified,Instagram Likes [Max 5K] [ Start time 10 mints ] [ speed 100 - 500/per Hour ] [ 𝐍𝐎 𝐃𝐑𝐎𝐏 ]
701,Instagram,like,0.62,50,10000,False,True,False,False,False,False,False,False,False,False,False,False,True,False,False,False,False,True,False,False,False,False,False,False,False,False,True,True,True,False,Unspecified,Unspecified,Instagram Likes - Exclusive [ Speed 2-3k/Hour] [ 10 Days Auto Refill ]
700,Instagram,like,0.8,50,10000,False,True,False,False,False,False,False,False,False,False,False,False,True,False,False,False,False,True,False,False,False,False,False,False,False,True,True,True,True,False,Unspecified,Unspecified,Instagram - Likes [ Max 10k ] [ 15 days Refill ] Instant
568,Instagram,like,0.18,100,5000,False,True,False,False,False,False,False,False,False,False,False,False,True,False,False,False,False,True,False,False,False,False,False,False,False,False,True,False,True,False,Unspecified,Unspecified,Instagram Likes [5K] [BulkCheap Special Service ] [INSTANT - 6K/Hour] [ Have Profile pictures ]
565,Instagram,like,0.31,50,5000,False,False,False,False,False,False,False,False,False,False,False,False,True,False,False,False,False,True,False,False,False,False,False,False,False,False,True,False,True,False,Unspecified,Unspecified,Instagram Likes [ 1k Speed Per Hour ] [Max 5k ] [ INSTANT ]
527,Instagram,like,0.35,50,15000,False,True,False,False,False,False,False,False,False,False,False,False,True,False,False,False,False,True,False,False,False,False,False,False,False,True,True,False,True,False,Unspecified,Unspecified,Instagram LIKES [ 2k-3k hour ] [ Instant - Exclusive ]🔥⚡[Cheapest and Fast]
566,Instagram,like,0.36,50,15000,False,True,False,False,False,False,False,False,False,False,False,False,True,False,False,False,False,True,False,False,False,False,False,False,False,False,True,False,True,False,Unspecified,Unspecified,Instagram Likes [ 5k Speed Per Hour ] [Max 40k ] [ INSTANT ]
567,Instagram,like,0.38,50,15000,False,False,True,False,False,False,False,False,False,False,False,False,True,False,False,False,False,True,False,False,False,False,False,False,False,False,True,False,True,False,Unspecified,Unspecified,Instagram Likes [ 3k Speed Per Hour ] [Max 15k ] [HQ PROFILE ] [ INSTANT ]
478,Instagram,like,0.9,50,100000,False,True,False,False,False,False,False,False,False,False,False,False,True,False,False,False,False,True,False,False,False,False,False,False,False,False,True,False,False,False,Unspecified,Unspecified,Instagram - Likes  [ Max 100k ] SUPER INSTANT
372,Instagram,like,1.05,100,10000,False,True,False,False,False,False,False,False,False,False,False,False,True,False,False,False,False,True,False,False,False,False,False,False,False,False,True,False,False,False,Unspecified,Unspecified,Instagram Likes  Max 10k  [ 0 to 5 mnts Start time]
457,Instagram,story view,0.06,100,25000,False,False,False,False,False,False,False,False,False,False,False,False,True,False,False,False,False,False,False,False,False,False,False,False,False,False,True,False,True,False,Unspecified,Unspecified,Instagram Story Views [25K] Instant
458,Instagram,story view,0.28,100,80000,False,False,False,False,False,False,False,False,False,False,False,False,True,False,False,False,False,False,False,False,False,False,False,False,False,False,True,False,False,False,Unspecified,Unspecified,Instagram Story Views [40K] [ALL POSTS] ⚡️⚡️⚡️💧⭐🔥
459,Instagram,story view,0.08,100,25000,False,False,False,False,False,False,False,False,False,False,False,False,True,False,False,False,False,True,False,False,False,False,False,False,False,False,True,False,False,False,Unspecified,Unspecified,Instagram Story Views [25K] [Recent story ]
146,Instagram,view,0.07,500,4000000,False,True,False,False,False,False,False,False,False,False,False,False,True,False,False,False,False,True,False,False,False,False,False,False,False,False,True,False,False,True,Unspecified,Unspecified,Instagram Views + Impressions + Profile Visits [1.5M] [REAL] [INSTANT]
633,Instagram,view,0.135,250,1000000,False,True,False,False,False,False,False,False,False,False,False,False,True,False,False,False,False,True,False,False,False,False,False,False,False,False,True,False,False,True,Unspecified,Unspecified,Instagram - Views + Profile Visits + Impressions + Interaction + Reach  INSTANT SERVICE
661,Instagram,saves,0.22,20,400000,False,True,False,False,False,False,False,False,False,False,False,True,True,False,False,False,False,True,False,False,False,True,True,False,False,False,True,False,False,False,Unspecified,Unspecified,Instagram Saves [400K]
739,Instagram,like,0.84,50,30000,False,False,True,False,False,False,False,False,False,False,False,False,True,False,False,False,False,False,False,False,True,False,False,False,False,False,True,True,False,False,Unspecified,Unspecified,Instagram Likes [ Max 30k ] [ Speed 1k/hrs ] INSTANT [ 30 days auto refill Guarantee ]
714,Instagram,follower,1.35,100,20000,False,False,False,False,False,False,False,True,False,False,False,False,True,False,False,False,False,True,False,False,False,False,False,False,False,False,True,True,True,False,Unspecified,Unspecified,Instagram Followers [10 days auto refill ] [ max 20k ] INSTANT TO 30 MNTS
711,Instagram,follower,1.65,100,20000,False,False,False,False,False,False,False,True,False,False,False,False,True,False,False,False,False,True,False,False,False,False,False,False,False,False,True,True,True,False,Unspecified,Unspecified,Instagram Followers [15 days auto refill ] [ max 20k ] INSTANT TO 30 MNTS
712,Instagram,follower,2.35,100,20000,False,False,False,False,False,False,False,True,False,False,False,False,True,False,False,False,False,True,False,False,False,False,False,False,False,False,True,True,True,False,Unspecified,Unspecified,Instagram Followers [21 days auto refill ] [ max 20k ] INSTANT TO 30 MNTS
713,Instagram,follower,3.2,100,20000,False,False,False,False,False,False,False,True,False,False,False,False,True,False,False,False,False,True,False,False,False,False,False,False,False,False,True,True,True,False,Unspecified,Unspecified,Instagram Followers [30 days auto refill ] [ max 20k ] INSTANT TO 30 MNTS
685,Instagram,follower,2.3,50,50000,False,True,False,False,False,False,False,True,False,False,False,False,True,False,False,False,False,True,False,False,False,False,False,False,False,False,False,True,True,True,Unspecified,Unspecified,Instagram Real Followers [ Speed - 2k-5k/day | AR 30 Days | Refill Button | Max 30k ] [ 0-1 HRS ]
581,Instagram,follower,5.511,100,50000,False,True,False,False,False,False,False,False,False,False,False,False,True,False,False,False,False,True,False,False,False,False,False,False,False,False,True,True,False,False,Unspecified,Unspecified,Instagram Followers [MAX 50K] [ AUTO Refill 30DAYS ] [INSTANT 3K- 5K/Day] [Best Service] [ Recommended]
343,Instagram,follower,5.55,50,50000,False,True,False,False,False,False,False,True,False,False,False,False,True,False,False,False,False,True,False,False,False,False,False,False,False,False,True,True,False,False,Unspecified,Unspecified,Instagram Followers [50K] [ AUTO Refill 30 ] [INSTANT 3K- 5K/Day] [Best Service] [ Recommended]
497,Instagram,follower,5.8,100,5000,False,True,False,False,False,False,False,False,False,False,False,False,True,False,False,False,False,True,False,False,False,False,False,False,False,False,True,True,False,False,Unspecified,Unspecified,Instagram followers [ Max - 5k ] [AUTO REFILL 30 DAYS ] [ [ Recommended]
693,Instagram,follower,2.1,50,50000,False,True,False,False,False,False,False,True,False,False,False,False,True,False,False,False,False,True,False,False,False,False,False,False,True,False,False,True,False,False,Unspecified,Unspecified,Instagram - Followers [ Max 30k ] [ REFILL 30 DAYS ] [ LOW DROP ] [ speed 2k to 3k ]
572,Instagram,follower,2.9,100,15000,False,False,False,False,False,False,False,False,False,False,False,False,True,False,False,False,False,False,False,False,False,False,False,False,False,False,False,True,False,False,Unspecified,Unspecified,Instagram Followers [Max 20K] [REFILL 30 DAYS] [1H - 3k/Day]
562,Instagram,follower,2.8,100,20000,False,True,False,False,False,False,False,True,False,False,False,False,True,False,False,False,False,True,False,False,False,False,False,False,False,False,False,True,True,False,Unspecified,Unspecified,Instagram Real Followers - 30 Days Refill  [20k Max] [ Cancel Button Enabled ]
684,Instagram,follower,3.2,100,50000,False,True,False,False,False,False,False,True,False,False,False,False,True,False,False,False,False,True,False,False,False,False,False,False,True,False,False,True,False,False,Unspecified,Unspecified,Instagram - Followers  [ Max 20k ] [ REFILL 30 DAYS ] [ LOW DROP ] [ speed 800 to 1k ]
517,Instagram,follower,3.4,100,10000,False,True,False,False,False,False,False,False,False,False,False,False,True,False,False,False,False,True,False,False,False,False,False,False,False,False,False,True,True,False,Unspecified,Unspecified,Instagram - Followers [ Max 10k ] [ Speed 1k-2k ] [ 15 Days Refill ] [ Have Cancel Button ]
521,Instagram,follower,3.6,100,30000,False,True,False,False,False,False,False,True,False,False,False,False,True,False,False,False,False,True,False,False,False,False,False,False,False,False,True,True,False,False,Unspecified,Unspecified,Instagram - Followers 𝐑𝗘𝗔𝗟 [ Max 20k ] [ REFILL 30 DAYS ]  [ LOW DROP ] [Real Account ]
519,Instagram,follower,3.7,100,50000,False,True,False,False,False,False,False,False,False,False,False,False,True,False,False,False,False,True,False,False,False,False,False,False,False,False,True,True,True,False,Unspecified,Unspecified,Instagram Followers [MAX 50K] [1k-2k/day Speed ] [ Refill 30 Days ]
574,Instagram,follower,3.8,100,20000,False,True,False,False,False,False,False,False,False,False,False,False,True,False,False,False,False,False,False,False,False,True,True,False,False,False,True,True,False,False,Unspecified,Unspecified,Instagram - Followers 𝐑𝗘𝗔𝗟 FOLLOWERS  [ Max 20k ] [ 𝑺𝒕𝒂𝙗𝒍𝙚 ] [ Speed 1k - 2k ]
495,Instagram,follower,4.2,100,50000,False,True,False,False,False,False,False,False,False,False,False,False,True,False,False,False,False,False,False,False,False,False,False,False,False,False,True,True,False,True,Unspecified,Unspecified,Instagram - Followers  𝐑𝗘𝗔𝗟 [  Max 50k  ] [ REFILL 30 DAYS ]
520,Instagram,follower,4.7,50,15000,False,True,False,False,False,False,False,False,False,False,False,False,True,False,False,False,False,True,False,False,False,False,False,False,False,False,False,True,True,False,Unspecified,Unspecified,Instagram Followers [15 days refill ] [ Max 20K] [3-5k/day Speed] [0-6 hours start] [Have Refill Button ]
496,Instagram,follower,4.9,100,6000,False,False,False,False,False,False,False,False,False,False,False,False,True,False,False,False,False,True,False,False,False,False,False,False,False,False,False,True,True,False,Unspecified,Unspecified,Instagram - Followers Max 6k [ Speed 3k-5k ] [ Refill 30 Days ]
446,Instagram,follower,4.9,100,20000,False,False,False,False,False,False,False,False,False,False,False,False,True,False,False,False,False,True,False,False,False,False,False,False,False,False,True,True,False,False,Unspecified,Unspecified,Instagram - Followers 𝐑𝗘𝗔𝗟 [ Max 20k ] [ REFILL 30 DAYS ]
501,Instagram,follower,5.2,50,50000,False,False,False,False,False,False,False,False,False,False,False,False,True,False,False,False,False,True,False,False,False,False,False,False,False,False,True,True,True,False,Unspecified,Unspecified,Instagram - Followers 𝐑𝗘𝗔𝗟 [ Max 50k ] [ 30DAYS REFILL]  [ Speed 2k-10k ]
510,Instagram,follower,7.8,100,10000,False,False,False,False,False,False,False,False,False,False,False,False,True,False,False,False,False,True,False,False,False,False,False,False,False,False,True,True,True,False,Unspecified,Unspecified,Instagram - Followers 𝐑𝗘𝗔𝗟 [ Max 10k ] [ 𝑺𝒕𝒂𝙗𝒍𝙚  ] [ Speed 1k - 2k ]
443,Instagram,follower,8.5,100,10000,False,False,False,False,False,False,False,False,False,False,False,False,True,False,False,False,False,True,False,False,False,False,False,False,False,False,True,True,True,False,Unspecified,Unspecified,Instagram - Followers 𝐑𝗘𝗔𝗟 Followers [ Max 10k ] [ 30 days refill ]
689,Instagram,follower,0.35,20,10000,False,False,True,False,False,False,False,False,False,False,False,True,True,False,False,False,False,False,False,False,False,True,True,False,False,False,True,False,True,False,Unspecified,Unspecified,Instagram - Followers [ BOT ACCOUNT ] [ Max 10k  INSTANT ]
690,Instagram,follower,0.38,50,25000,False,False,True,False,False,False,False,False,False,False,False,True,True,False,False,False,False,False,False,False,False,True,True,False,False,False,True,False,True,False,Unspecified,Unspecified,Instagram - Followers [ BOT ACCOUNT ] [ Max 25k ~ 0 to 1 hrs ]
766,Instagram,follower,0.6,20,20000,False,False,False,False,False,False,False,True,False,False,False,True,True,False,False,False,False,False,False,False,False,True,True,False,False,False,True,False,True,False,Unspecified,Unspecified,Instagram Followers [ Max 20k - No Refill ] [ 2-5k/Hour ] [ INSTANT ]
691,Instagram,follower,0.5,50,15000,False,False,True,False,False,False,False,False,False,False,False,True,True,False,False,False,False,False,False,False,False,True,True,False,False,False,True,False,True,False,Unspecified,Unspecified,Instagram - Followers [ BOT ACCOUNT ] [ Max 15k ] [ CANCEL BUTTON ]
480,Instagram,follower,0.6,100,15000,False,True,False,False,False,False,False,False,False,False,False,True,True,False,False,False,False,True,False,False,False,True,True,False,False,False,True,False,True,False,Unspecified,Unspecified,Instagram - Followers [ Max 15k ]  [ no refill no refund ] [ REAL LOOKING ACCOUNT ]
687,,follower,3.8,100,10000,False,True,False,False,False,False,False,True,False,False,False,False,True,False,False,False,False,True,False,False,False,False,False,False,False,False,False,True,False,False,Turkey,Unspecified,Turkish Followers [ MAX 10K ] [  15 Days Refill with Button  ] [ Low Drop  Real Accounts ]
686,,follower,2.2,5,10000,False,True,False,False,False,False,False,False,False,False,False,True,True,False,False,False,False,True,False,False,False,False,False,False,False,False,True,False,False,False,Russia,Unspecified,Russian Followers [ MAX 10K ] [ No Refill  Accounts with Profile Pics ]
575,Instagram,follower,6.3,2000,100000,False,True,False,False,False,False,False,False,False,False,False,False,True,False,False,False,False,True,False,False,False,True,True,False,False,False,True,False,False,False,Arab,Unspecified,Instagram Followers [100K] [ARAB - خليجي حقيقي متفاعلين]
577,Instagram,follower,7.9,50,25000,False,True,False,False,False,False,False,False,False,False,False,False,True,False,False,False,False,True,False,False,False,False,False,False,False,False,True,True,True,False,Korea,Unspecified,Instagram Followers [25K] [SOUTH KOREA] [R30]
576,Instagram,follower,12.6,500,10000,False,False,False,False,False,False,False,False,False,False,False,False,True,False,False,False,False,False,False,False,False,False,False,False,False,False,False,True,False,False,Brazil,Unspecified,Instagram Followers [2K] [BRAZIL] [R30]
731,Instagram,follower,1.13,1000,500000,False,False,False,False,False,False,False,False,False,False,False,False,False,False,False,False,False,False,False,False,False,False,False,False,False,False,False,False,False,False,Unspecified,Unspecified,Instagram - Mentions [ User Followers ]
732,Instagram,,1.13,1000,500000,False,False,False,False,False,False,False,False,False,False,True,False,False,False,False,False,False,False,False,False,False,False,False,False,False,False,False,False,False,False,Unspecified,Unspecified,Instagram - Mentions  [ Custom List ]
734,Instagram,like,1.13,1000,1000,False,False,False,False,False,False,False,False,False,False,False,False,False,False,False,False,False,False,False,False,False,False,False,False,False,False,False,False,False,False,Unspecified,Unspecified,Instagram Mentions [ Media Likers ]
730,Instagram,,1.34,10000,500000,False,False,False,False,False,False,False,False,False,False,False,False,False,False,False,False,False,False,False,False,False,False,False,False,False,False,False,True,False,False,Unspecified,Unspecified,Instagram Direct Messages
676,Instagram,like,0.18,100,4000,False,False,True,False,False,False,False,False,False,False,False,False,True,False,False,False,False,True,False,False,False,False,False,False,True,False,False,True,False,False,Unspecified,Unspecified,Instagram Likes [Max 4K]  [ Slow Service ]
672,Instagram,like,0.2,50,15000,False,False,False,False,False,False,False,False,False,False,False,False,True,False,False,False,False,False,False,False,False,False,False,False,False,False,True,False,True,False,Unspecified,Unspecified,Instagram Likes [Max 10K] [ speed 500 - 1K/per Hour ]
675,Instagram,like,0.22,50,50000,False,False,True,False,False,False,False,False,False,False,False,False,True,False,False,False,False,False,False,False,False,False,False,False,False,False,False,True,True,False,Unspecified,Unspecified,Instagram Likes [Max 50K] [ SUPER FIRST SERVICE ] [ speed 5K /per Hour ]
671,Instagram,like,0.32,50,10000,False,False,False,False,False,False,False,False,False,False,False,True,True,False,False,False,False,False,False,False,False,True,True,False,False,False,True,False,True,False,Unspecified,Unspecified,INSTAGRAM LIKES [ 4-6k/hour ] [ Instant Start ]🔥[ Recommended ]
673,Instagram,like,0.31,50,10000,False,False,False,False,False,False,False,False,False,False,False,True,True,False,False,False,False,False,False,False,False,True,True,False,False,False,False,False,True,False,Unspecified,Unspecified,Instagram Likes [ 5-7k/hour] [ MAX 100K ] [ Recommended]
679,Instagram,like,0.33,50,25000,False,False,False,False,False,False,False,False,False,False,False,True,True,False,False,False,False,False,False,False,False,True,True,False,False,True,False,False,False,False,Unspecified,Unspecified,Instagram Likes [ FAST SERVICE ] [ MAX 15K ]
683,Instagram,like,0.58,50,10000,False,False,False,False,False,False,False,False,False,False,False,True,True,False,False,False,False,False,False,False,False,True,True,False,False,True,False,False,False,False,Unspecified,Unspecified,Instagram Likes [10K] SUPER FAST SERVICE ]
445,Instagram,like,0.96,50,100000,False,False,False,False,False,False,False,False,False,False,False,True,True,False,False,False,False,False,False,False,False,True,True,False,False,True,True,False,False,False,Unspecified,Unspecified,Instagram Likes - [ Mixed Quality ] [ Superfast ] [ MAX - 100k ] INSTANT
462,Instagram,like,0.98,50,100000,False,False,False,False,False,False,False,False,False,False,False,True,True,False,False,False,False,False,False,False,False,True,True,False,False,False,True,False,True,False,Unspecified,Unspecified,Instagram Likes -  Instant TO 1 HOUR [Max 10k]
474,Instagram,like,1.02,100,500000,False,False,False,False,False,False,False,False,False,False,False,True,True,False,False,False,False,False,False,False,False,True,True,False,False,True,True,False,False,False,Unspecified,Unspecified,Instagram Likes - [ Max - 500k ] [ Fastest Likes ] SUPER INSTANT
425,Instagram,like,1.1,50,30000,False,False,False,False,False,False,False,False,False,False,False,True,True,False,False,False,False,False,False,False,True,True,True,False,False,False,True,False,False,False,Unspecified,Unspecified,Instagram - Likes [ Max 30k ]  [ SUPER INSTANT ]
324,Instagram,like,1.5,100,40000,False,False,False,False,False,False,False,False,False,False,False,True,True,False,False,False,False,False,False,False,False,True,True,False,False,False,True,True,True,False,Unspecified,Unspecified,Instagram Likes [ Exclusive ] [ Max 40k ] - 1H START TIME  [ Recommend ] [ GOOD PROFILE]
586,Instagram,like,0.75,10,10000,False,False,True,False,False,False,False,False,False,False,False,False,False,False,False,False,False,False,False,False,False,False,False,False,False,False,False,False,False,False,India,Unspecified,Instagram Likes [ Indian Bot ]
706,Instagram,video view,0.006,100,100000000,False,False,False,False,False,False,False,False,False,False,False,False,False,False,False,False,False,False,False,False,False,False,False,False,False,False,True,False,False,False,Unspecified,Unspecified,Instagram - Video Views  [ Max 1m ]   INSTANT
105,Instagram,view,0.009000000000000001,100,100000000,False,False,False,False,False,False,False,False,False,False,False,False,False,False,False,False,False,False,False,False,False,False,False,False,False,False,True,False,False,False,Unspecified,Unspecified,Instagram Views (Instant Start )
144,Instagram,view,0.02,500,10000000,False,False,False,False,False,False,False,False,False,False,False,False,False,False,False,False,False,False,False,False,False,False,False,False,False,True,True,True,False,False,Unspecified,Unspecified,Instagram Views [100M] [0-1H] [FAST]
173,Instagram,view,0.03,100,100000000,False,True,False,False,False,False,False,False,False,False,False,False,False,False,False,False,False,False,False,False,False,False,False,False,False,False,True,False,False,False,Unspecified,Unspecified,- Instagram Views [REAL] [1M] [0-1H] [INSTANT]
287,Instagram,view,0.032,500,10000000,False,False,False,False,False,False,False,False,False,False,False,False,False,False,False,False,False,False,False,False,False,False,False,False,False,True,True,False,True,False,Unspecified,Unspecified,Instagram Views [ Max - 100M] [ SUPERFAST ] INSTANT⚡️⚡️
485,Instagram,view,0.039,500,2500000,False,False,False,False,False,False,False,False,False,False,False,False,False,False,False,False,False,False,False,False,False,False,False,False,False,False,False,False,True,False,Unspecified,Unspecified,Instagram Views Cheapest [ Working - 1 Million / Hour ] [ Recommended ]
634,Instagram,video view,0.045,100,100000000,False,False,False,False,False,False,False,False,False,False,False,False,False,False,False,False,False,False,False,False,False,False,False,False,False,False,False,False,False,False,Unspecified,Unspecified,Instagram - Video Views
176,Instagram,view,0.06,100,100000000,False,False,False,False,False,False,False,False,False,False,False,False,False,False,False,False,False,False,False,False,False,False,False,False,False,True,True,False,False,False,Unspecified,Unspecified,Instagram Views [ Max - 10m ] [ SUPERFAST ] INSTANT
28,Instagram,view,0.08,500,1000000,False,False,False,False,False,False,False,False,False,False,False,False,False,False,False,False,False,False,False,False,False,False,False,False,False,False,True,False,False,False,Unspecified,Unspecified,Instagram Views [1M - MAX - 0-1H - INSTANT]
707,Instagram,video view,0.006,100,100000000,False,False,False,False,False,False,False,False,False,False,False,False,False,False,False,False,False,False,False,False,False,False,False,False,False,False,True,False,False,True,Unspecified,Unspecified,Instagram - Video Views + Impression  [ Max 1m ] INSTANT
578,Instagram,video view,0.009000000000000001,100,100000000,False,True,False,False,False,False,False,False,False,False,False,False,False,False,False,False,False,False,False,False,False,False,False,False,False,False,True,True,False,True,Unspecified,Unspecified,Instagram Video Views + Impression [ 1m ] INSTANT
175,Instagram,view,0.02,500,1000000,False,False,False,False,False,False,False,False,False,False,False,False,False,False,False,False,False,False,False,False,False,False,False,False,False,True,True,False,False,True,Unspecified,Unspecified,Instagram Views + Impression [ Max - 1m ] [ SUPERFAST ] INSTANT
632,Instagram,video view,0.166,100,10000000,False,False,False,False,False,False,False,False,False,False,False,False,False,False,False,False,False,False,False,False,False,False,False,False,False,False,False,False,False,True,Unspecified,Unspecified,Instagram - Video Views + Impression
29,Instagram,view,0.035,100,900000,False,False,False,False,False,False,False,False,False,False,False,False,False,False,False,False,False,False,False,False,False,False,False,False,False,False,False,False,False,True,Unspecified,Unspecified,Instagram Views + Impressions
635,Instagram,view,0.035,100,50000,False,False,False,False,False,False,False,False,False,False,False,False,False,False,False,False,False,False,False,False,False,False,False,False,False,False,False,False,False,True,Unspecified,Unspecified,Instagram Views + Impressions [50K]
636,Instagram,view,0.035,100,1500000,False,False,False,False,False,False,False,False,False,False,False,False,False,False,False,False,False,False,False,False,False,False,False,False,False,False,False,False,False,True,Unspecified,Unspecified,Instagram Views + Impressions [1.5M]
631,Instagram,video view,0.04,100,1000000,False,False,False,False,False,False,False,False,False,False,False,False,False,False,False,False,False,False,False,False,False,False,False,False,False,False,False,False,False,True,Unspecified,Unspecified,Instagram - Video Views + Impression + reach
637,Instagram,view,0.055,100,5000000,False,False,False,False,False,False,False,False,False,False,False,False,False,False,False,False,False,False,False,False,False,False,False,False,False,False,False,False,False,True,Unspecified,Unspecified,Instagram Views + Impressions + Profile Visit
638,Instagram,,0.033,100,25000,False,False,False,False,False,False,False,False,False,False,False,False,False,False,False,False,False,False,False,False,False,False,False,False,False,False,True,False,False,False,Unspecified,Unspecified,Instagram - Save ~ INSTANT
662,Instagram,saves,0.045,100,50000,False,False,False,False,False,False,False,False,False,False,False,False,False,False,False,False,False,False,False,False,False,False,False,False,False,False,True,False,False,False,Unspecified,Unspecified,Instagram Saves [10K] [INSTANT
664,Instagram,saves,0.05,100,50000,False,False,False,False,False,False,False,False,False,False,False,False,False,False,False,False,False,False,False,False,False,False,False,False,False,False,False,False,False,False,Unspecified,Unspecified,Instagram Saves [50K]
649,Instagram,,0.25,100,50000,False,False,False,False,False,False,False,False,False,False,False,False,False,False,False,False,False,False,False,False,False,False,False,False,False,False,False,False,False,False,Unspecified,Unspecified,Instagram - Photo/Video Save
669,Instagram,impression,0.03,25,50000,False,False,False,False,False,False,False,False,False,False,False,False,False,False,False,False,False,False,False,False,False,False,False,False,False,False,False,False,False,True,Unspecified,Unspecified,Instagram Impressions + Reach [50K]
657,Instagram,,0.48,100,30000,False,False,False,False,False,False,False,False,False,False,False,False,False,False,False,False,False,False,False,False,False,False,False,False,False,False,False,False,False,False,Unspecified,Unspecified,Instagram Video Reach [30K]
639,Instagram,,0.6,20,10000,False,False,False,False,False,False,False,False,False,False,False,False,False,False,False,False,False,False,False,False,False,False,False,False,False,False,False,False,False,False,Unspecified,Unspecified,Instagram - Video Reach
640,Instagram,,0.55,20,10000,False,False,False,False,False,False,False,False,False,False,False,False,False,False,False,False,False,False,False,False,False,False,False,False,False,False,False,False,False,False,Unspecified,Unspecified,Instagram - Photo Reach
658,Instagram,,0.65,100,30000,False,False,False,False,False,False,False,False,False,False,False,False,False,False,False,False,False,False,False,False,False,False,False,False,False,False,False,False,False,False,Unspecified,Unspecified,Instagram Photo Reach [30K]
659,Instagram,view,1.05,20,300000,False,False,False,False,False,False,False,False,False,False,False,False,False,False,False,False,False,False,False,False,False,False,False,False,False,False,False,False,False,False,Unspecified,Unspecified,Instagram Highlights Views [300K]
641,Instagram,view,2.5,20,20000,False,False,False,False,False,False,False,False,False,False,False,False,False,False,False,False,False,False,False,False,False,False,False,False,False,False,False,False,False,False,Unspecified,Unspecified,Instagram - Highlights Views
642,Instagram,impression,0.44,20,99999,False,False,False,False,False,False,False,False,False,False,False,False,False,False,False,False,False,False,False,False,False,False,False,False,False,False,False,False,False,False,USA,Unspecified,Instagram - Impressions  USA
663,Instagram,impression,0.05,5,100000,False,False,False,False,False,False,False,False,False,False,False,False,False,False,False,False,False,False,False,False,False,False,False,False,False,False,False,False,False,False,Unspecified,Unspecified,Instagram Impressions [100K]
643,Instagram,impression,0.068,100,1000000,False,False,False,False,False,False,False,False,False,False,False,False,False,False,False,False,False,False,False,False,False,False,False,False,False,False,False,False,False,False,Unspecified,Unspecified,Instagram - Impressions [ All time Work ]
644,Instagram,impression,0.69,100,50000,False,False,False,False,False,False,False,False,False,False,False,False,False,False,False,False,False,False,False,False,False,False,False,False,False,False,False,False,False,True,Unspecified,Unspecified,Instagram - Impressions + Discover + Profile Visit
668,Instagram,impression,0.65,100,50000,False,False,False,False,False,False,False,False,False,False,False,False,False,False,False,False,False,False,False,False,False,False,False,False,False,False,True,False,False,True,Unspecified,Unspecified,Instagram Impressions + Profile Visits [250K] [INSTANT
645,Instagram,impression,0.69,100,50000,False,False,False,False,False,False,False,False,False,False,False,False,False,False,False,False,False,False,False,False,False,False,False,False,False,False,False,False,False,True,Unspecified,Unspecified,Instagram - Impressions + Profile Visit
665,Instagram,impression,0.08,100,1000000,False,False,False,False,False,False,False,False,False,False,False,False,False,False,False,False,False,False,False,False,False,False,False,False,False,False,True,False,False,False,Unspecified,Unspecified,Instagram Impressions [1M] [INSTANT]
670,Instagram,impression,0.15,5,100000,False,False,False,False,False,False,False,False,False,False,False,False,False,False,False,False,False,False,False,False,False,False,False,False,False,False,False,False,False,False,Unspecified,Unspecified,Instagram Impressions [100K]
660,Instagram,poll vote,5.2,20,30000,False,False,False,False,False,False,False,False,False,False,False,False,False,False,False,False,False,False,False,False,False,False,False,False,False,False,False,False,False,False,Unspecified,Unspecified,Instagram Story Poll Votes
646,Instagram,poll vote,6.7,20,30000,False,False,False,False,False,False,False,False,False,False,False,False,False,False,False,False,False,False,False,False,False,False,False,False,False,False,False,False,False,False,Unspecified,Unspecified,Instagram - Story Poll Votes
653,Instagram,vote,8.5,20,300000,False,False,False,False,False,False,False,False,False,False,False,False,False,False,False,False,False,False,False,False,False,False,False,False,False,False,False,False,False,False,Unspecified,Unspecified,Instagram Story Slider Vote
667,Instagram,story view,0.052000000000000005,100,80000,False,False,False,False,False,False,False,False,False,False,False,False,False,False,False,False,False,False,False,False,False,False,False,False,False,False,True,False,False,False,Unspecified,Unspecified,Instagram Story Views [INSTANT]
648,Instagram,story view,0.06,100,25000,False,False,False,False,False,False,False,False,False,False,False,False,False,False,False,False,False,False,False,False,False,False,False,False,False,False,False,False,False,False,Unspecified,Unspecified,Instagram - Story Views ~ Recent story
666,Instagram,story view,0.15,20,30000,False,False,False,False,False,False,False,False,False,False,False,False,False,False,False,False,False,False,False,False,False,False,False,False,False,False,True,False,False,False,Unspecified,Unspecified,Instagram Story Views [30K] [LAST STORY ONLY] [INSTANT]
650,Instagram,story view,0.3,100,80000,False,False,False,False,False,False,False,False,False,False,False,False,False,False,False,False,False,False,False,False,False,False,False,False,False,False,False,False,False,False,Unspecified,Unspecified,Instagram - Story Views - All Story Views
652,Instagram,view,0.135,10,100000,False,False,False,False,False,False,False,False,False,False,False,False,False,False,False,False,False,False,False,False,False,False,False,False,False,False,False,False,False,False,Unspecified,Unspecified,Instagram Profile Visits / Views
656,Instagram,view,0.32,1000,100000,False,False,False,False,False,False,False,False,False,False,False,False,False,False,False,False,False,False,False,False,False,False,False,False,False,False,False,False,False,False,Unspecified,Unspecified,Instagram Profile Visits / Views [20K]
655,Instagram,view,0.32,500,100000,False,False,False,False,False,False,False,False,False,False,False,False,False,False,False,False,False,False,False,False,False,False,False,False,False,False,False,False,False,False,Unspecified,Unspecified,Instagram Profile Visits / Views [100K]
654,Instagram,like,1.15,20,10000,False,False,False,False,False,False,False,False,False,False,False,False,False,False,False,False,False,False,False,False,False,False,False,False,False,False,False,False,False,False,Unspecified,Unspecified,Instagram Comment Likes [10K] [SPECIFIC COMMENT]
742,Instagram,poll vote,6.3,20,30000,False,False,False,False,False,False,False,False,False,False,False,False,False,False,False,False,False,False,False,False,False,False,False,False,False,False,True,False,False,False,Unspecified,Unspecified,Instagram - Story Poll Votes [ Max 20k ] [ Speed 20k ]  INSTANT
319,Instagram,like,1.4,10,10000,False,True,False,False,False,False,False,False,False,False,False,False,False,False,False,False,False,False,False,False,False,False,False,False,False,False,True,False,False,False,Unspecified,Unspecified,Instagram Likes [10K] [2 Likes Per Minute]
127,Instagram,like,1.4,20,5000,False,True,False,False,False,False,False,False,False,False,False,False,False,False,False,False,False,False,False,False,False,False,False,False,False,False,True,False,False,False,Unspecified,Unspecified,Instagram Likes [5K] [20 Likes Per Minute]
128,Instagram,like,1.4,100,5000,False,False,False,False,False,False,False,False,False,False,False,False,False,False,False,False,False,False,False,False,False,False,False,False,False,False,False,False,False,False,Unspecified,Unspecified,Instagram Likes [5K] [ 50 Likes Per Minute]
129,Instagram,like,1.4,100,5000,False,False,False,False,False,False,False,False,False,False,False,False,False,False,False,False,False,False,False,False,False,False,False,False,False,False,False,False,False,False,Unspecified,Unspecified,Instagram Likes [5K] [100 Likes Per Minute]
130,Instagram,like,1.4,100,5000,False,False,False,False,False,False,False,False,False,False,False,False,False,False,False,False,False,False,False,False,False,False,False,False,False,False,False,False,False,False,Unspecified,Unspecified,Instagram Likes [5K] [150 Likes Per Minute]
186,Instagram,like,0.75,10,100000,False,False,False,False,False,False,False,False,False,False,False,False,False,False,False,False,False,False,False,False,False,False,False,False,False,False,False,False,False,False,Unspecified,Unspecified,Instagram Auto Likes [ MAX 20k ] [ 0 to 2H ]
400,Instagram,like,2.25,10,100000,False,False,False,False,False,False,False,False,False,False,False,False,False,False,False,False,False,False,False,False,False,False,False,False,False,False,False,False,False,False,Unspecified,Unspecified,Instagram - Auto Likes  [ Max 10k ] [ 0 to 10Min ]
401,Instagram,like,0.94,10,40000,False,False,False,False,False,False,False,False,False,False,False,False,False,False,False,False,False,False,False,False,False,False,False,False,False,False,False,False,False,False,Unspecified,Unspecified,Instagram - Auto Likes [ Max 40k ]  [ Speed 20k/Hrs ]
402,Instagram,view,0.045,100,10000000,False,False,False,False,False,False,False,False,False,False,False,False,False,False,False,False,False,False,False,False,False,False,False,False,False,False,False,False,False,False,Unspecified,Unspecified,Instagram Auto Views  [ MAX 500k ]
403,Instagram,view,0.027999999999999997,100,5000000,False,False,False,False,False,False,False,False,False,False,False,False,False,False,False,False,False,False,False,False,False,False,False,False,False,False,False,False,False,False,Unspecified,Unspecified,Instagram Auto Views [ MAX 20M ]
404,Instagram,comment,1.4,5,100000,False,False,False,False,False,False,False,False,False,False,False,False,False,False,False,False,False,False,False,False,False,False,False,False,False,False,False,False,False,False,UK,Unspecified,Instagram Auto Comments  [MAX 100K] [ English Profile ]
405,Instagram,view,0.027999999999999997,20,50000000,False,False,False,False,False,False,False,False,False,False,False,False,False,False,False,False,False,False,False,False,False,False,False,False,False,False,True,True,False,False,Unspecified,Unspecified,Instagram Auto Views [50M] [ INSTANT - 10M/Day]
413,Instagram,,35.0,1,1,True,True,False,False,False,False,False,False,False,False,False,False,False,False,False,False,False,False,False,False,False,False,False,False,False,False,False,True,True,True,Unspecified,Unspecified,REAL Organic Instagram Engage Management Services (7 days)
414,Instagram,,80.0,1,1,True,True,False,False,False,False,False,False,False,False,False,False,False,False,False,False,False,False,False,False,False,False,False,False,False,False,False,True,True,True,Unspecified,Unspecified,REAL Organic Instagram Engage Management Services (30 days)
415,Instagram,,145.0,1,1,True,True,False,False,False,False,False,False,False,False,False,False,False,False,False,False,False,False,False,False,False,False,False,False,False,False,False,True,True,True,Unspecified,Unspecified,REAL Organic Instagram Engage Management Services (60 days)
416,Instagram,,200.0,1,1,True,True,False,False,False,False,False,False,False,False,False,False,False,False,False,False,False,False,False,False,False,False,False,False,False,False,False,True,True,True,Unspecified,Unspecified,REAL Organic Instagram Engage Management Services (90 days)
525,Instagram,like,1.2,20,4000,False,False,False,False,False,False,False,False,False,False,False,False,False,False,False,False,False,False,False,False,False,False,False,False,False,False,False,False,False,False,Unspecified,Unspecified,Instagram Comments Likes [ Like on comment ] [ Min 20 - Max 4000 ]
526,Instagram,comment,22.0,5,1000,False,False,False,False,False,False,False,False,False,False,True,False,False,False,False,False,False,True,False,False,False,False,False,False,False,True,False,False,False,False,Unspecified,Unspecified,Instagram Super Fast Custom Comments [ HQ ]
708,Instagram,video view,1.95,100,1000,False,False,False,False,False,False,False,False,False,False,False,True,True,False,False,False,False,False,False,False,False,True,True,False,False,True,True,False,False,False,Unspecified,Unspecified,Instagram - Live Video Views [  Max 1k ]   INSTANT
754,Instagram,video view,7.35,20,2000,False,False,False,False,False,False,False,False,False,False,False,True,True,False,False,False,False,True,False,False,False,False,False,False,False,False,True,False,False,False,Unspecified,Unspecified,Instagram - Live Video Views [ Max 1k ] INSTANT
454,IGTV,view,0.05,500,10000000,False,False,False,False,False,False,False,False,False,False,False,False,False,False,False,False,False,False,False,False,False,False,False,False,False,False,True,False,False,True,Unspecified,Unspecified,IGTV Views [ Super Instant ][ Max 5m ]  Views + Impression
455,Instagram,like,1.95,50,10000,False,False,False,False,False,False,False,False,False,False,False,False,False,False,False,False,False,False,False,False,False,False,False,False,False,False,False,False,False,False,Unspecified,Unspecified,Instagram - TV Likes
456,Instagram,view,0.098,500,5500000,False,False,False,False,False,False,False,False,False,False,False,False,False,False,False,False,False,False,False,False,False,False,False,False,False,False,False,False,False,True,Unspecified,Unspecified,Instagram - IGTV Views + Impression
820,Facebook,page like,3.9,500,70000,False,True,False,False,False,False,False,True,False,False,False,False,True,False,False,False,False,True,False,False,False,False,False,False,False,False,True,True,True,False,Unspecified,Unspecified,Facebook Page Likes [ 30 Days Auto Refill ] INSTANT
460,Facebook,page like,4.2,500,30000,False,False,False,False,False,False,False,False,False,False,False,False,True,False,False,False,False,False,False,False,True,False,False,False,False,False,True,True,True,False,Unspecified,Unspecified,Facebook - Page Likes [ Max 5k ]  [ 20D Refill]  INSTANT
579,Facebook,page like,4.6,500,5000,False,True,False,False,False,False,False,False,False,False,False,False,False,False,False,False,False,False,False,False,True,False,False,False,False,False,False,True,False,True,Unspecified,Unspecified,Facebook - Page Likes  Speed 5k+ Per days  Lifetime Guarantee
498,Facebook,page like,4.8,500,5000,False,False,False,False,False,False,False,False,False,False,False,False,True,False,False,False,False,False,False,False,True,False,False,False,False,False,True,True,False,False,Unspecified,Unspecified,Facebook - Page Likes  [ Max 50k ] [ 14 DAYS  Refill ]   INSTANT
499,Facebook,page like,5.9,500,50000,False,False,False,False,False,False,False,False,False,False,False,False,True,False,False,False,False,False,False,False,True,False,False,False,False,False,True,True,False,True,Unspecified,Unspecified,Facebook  Page Likes + Followers [ Speed 25k/days ]  [ REFILL 30 DAYS ] [ 0 to 1 hrs Start ]
442,Facebook,page like,9.5,100,25000,False,False,False,False,False,False,False,True,False,False,False,False,True,False,False,False,False,False,False,False,True,False,False,False,False,False,True,True,False,False,Unspecified,Unspecified,Facebook - Page Likes [ Max - 25k ] [ 30 Days Refill Guarantee ] INSTANT
274,Facebook,page like,9.85,50,10000,False,False,False,False,False,False,False,True,False,False,False,True,True,False,False,False,False,False,False,False,False,False,False,False,False,False,True,True,False,False,Unspecified,Unspecified,Facebook - Page Likes  [ Max 20k ]   [ REFILL 10 Days ]  INSTANT
33,Facebook,page like,11.0,100,100000,False,True,False,False,False,False,False,False,False,False,False,False,True,False,False,False,False,False,False,False,False,False,False,False,False,False,False,True,False,False,Unspecified,Unspecified,Facebook Page Likes [100% REAL] [100K - 10K/D - R15] ⚡️⚡️⚡️⭐🔥💧
30,Facebook,page like,13.0,100,100000,False,True,False,False,False,False,False,True,True,False,False,False,True,False,False,False,False,False,False,False,False,False,False,False,False,False,False,True,False,False,Unspecified,Unspecified,Facebook Page Likes [MIX / REAL] [100K - 200-500/D - 0-2H - AR10] [LESS DROP] ⚡️⭐🔥💧
32,Facebook,page like,16.0,300,80000,False,True,False,False,False,False,False,True,True,False,False,False,True,False,False,False,False,False,False,False,False,False,False,False,False,False,True,True,False,False,Unspecified,Unspecified,Facebook REAL Mix Page Likes [3K - 5K/D - 0-12H - LESS-DROP] [R30]⚡️⚡️⚡️⭐🔥💧
769,Facebook,like,0.95,20,3000,False,True,False,False,False,False,False,False,False,False,False,True,True,False,False,False,False,True,False,False,False,False,False,False,False,False,True,False,True,False,Unspecified,Unspecified,Facebook Post Likes [3k] [ START TIME 0 TO 3 HOURS ] [NO REFILL]
365,Facebook,like,1.2,100,1000,False,False,False,False,False,False,False,False,False,False,False,False,False,False,False,False,False,False,False,False,False,False,False,False,False,False,True,False,False,False,Unspecified,Unspecified,Facebook Post Likes [1k] [INSTANT] [NR]
40,Facebook,like,1.9,20,500,False,True,False,False,False,False,False,False,False,False,False,True,True,False,False,False,False,False,False,False,False,True,True,False,False,False,False,True,True,False,Unspecified,Unspecified,Facebook Photo / Post Likes [1K - 0-3H]⚡️⚡️⚡️⭐🔥💧
286,Facebook,like,4.0,50,10000,False,True,False,False,False,False,False,False,False,False,False,True,True,False,False,False,False,False,False,False,False,False,False,False,False,False,False,False,False,False,Arab,Unspecified,Facebook Photo / Post Likes [REAL ARAB - 10K] [Start Time 0-48H]
779,Facebook,like,2.5,100,4000,False,True,False,False,False,False,False,False,False,False,False,False,True,False,False,False,False,True,False,False,False,False,False,False,False,True,True,False,False,False,Turkey,Unspecified,Facebook Post Likes | Max 4K | Instant | Fast | Turkish |
768,Facebook,like,5.1,50,10000,False,True,False,False,False,False,True,True,True,False,False,False,True,False,False,False,False,True,False,False,False,False,False,False,False,False,True,True,False,False,Unspecified,Unspecified,Facebook Post Likes [10k] [INSTANT] [ NO DROP ] [ 45 DAYS REFILL IF DROP ]
367,Facebook,video view,0.07,500,10000000,False,False,False,False,False,False,False,False,False,False,False,False,False,False,False,False,False,False,False,False,False,False,False,False,False,False,True,False,False,False,Unspecified,Unspecified,Facebook Video Views [ Instant and Max 1m ]
37,Facebook,video view,0.09,500,10000000,False,False,False,False,False,False,False,False,False,False,False,False,False,False,False,False,False,False,False,False,False,False,False,False,False,False,True,False,False,False,Unspecified,Unspecified,Facebook Video Views[100K] [100K/D] [0-1H - INSTANT] ⚡️⚡️⚡️⭐🔥💧
203,Facebook,comment,70.0,10,100,False,True,False,False,False,False,False,True,True,False,True,False,True,False,False,False,False,False,False,False,False,False,False,False,False,False,False,True,False,False,Unspecified,Unspecified,Facebook Custom Comments [100] [REAL]
770,Facebook,share,4.8,20,2000,False,True,False,False,False,False,False,False,False,False,False,False,True,False,False,False,False,True,False,False,False,False,False,False,False,False,True,False,True,False,Unspecified,Unspecified,Facebook Shares
771,Website,like,5.2,100,100000000,False,True,False,False,False,False,False,False,False,False,False,False,True,False,False,False,False,True,False,False,False,False,False,False,False,False,True,False,False,False,Unspecified,Unspecified,Facebook Website Likes
772,Facebook,,0.66,100,10000,False,True,False,False,False,False,False,False,False,False,False,False,True,False,False,False,False,True,False,False,False,False,False,False,False,False,True,False,True,False,Unspecified,Unspecified,Facebook Event (Going) NEW
773,Facebook,,6.5,100,10000,False,True,False,False,False,False,False,False,False,False,False,False,True,False,False,False,False,True,False,False,False,False,False,False,False,False,True,False,True,False,Unspecified,Unspecified,Facebook Event (Interest) NEW
774,Facebook,follower,4.88,100,10000,False,True,False,False,False,False,False,False,False,False,False,False,True,False,False,False,False,True,False,False,False,False,False,False,False,False,True,True,True,False,Unspecified,Unspecified,Facebook Followers  [ 30 days refill ]
775,Facebook,poll vote,28.0,100,10000,False,True,False,False,False,False,False,False,False,False,False,False,True,False,False,False,False,True,False,False,False,False,False,False,False,False,True,False,True,False,Unspecified,Unspecified,Facebook Poll Votes
776,Facebook,like,7.6,50,5000,False,True,False,False,False,False,False,False,False,False,False,False,True,False,False,False,False,True,False,False,False,False,False,False,False,False,True,False,True,False,Unspecified,Unspecified,Facebook - Comment/Album Likes
777,Facebook,review,35.0,20,5000,False,True,False,False,False,False,False,False,False,False,True,False,True,False,False,False,False,True,False,False,False,False,False,False,False,False,True,False,True,True,Unspecified,Unspecified,Facebook Fanpage Reviews 5 star + Custom Comments
778,Facebook,review,29.0,25,5000,False,True,False,False,False,False,False,False,False,True,False,False,True,False,False,False,False,True,False,False,False,False,False,False,False,False,True,False,True,False,Unspecified,Unspecified,Facebook Fanpage Reviews 5 star [ RANDOM ]
780,Facebook,group member,4.9,100,10000,False,True,False,False,False,False,False,False,False,False,False,False,True,False,False,False,False,True,False,False,False,False,False,False,False,False,True,False,True,False,Unspecified,Unspecified,Facebook Group Members
133,Facebook,page like,42.0,100,1000000,False,False,False,False,False,False,False,False,False,False,False,False,False,False,False,False,False,False,False,False,False,False,False,False,False,False,False,True,False,False,Spain,Unspecified,Facebook Page Likes [1m] [Spain - 0-24H - 15K/DAY - R∞]
740,Twitter,follower,4.0,20,50000,False,False,False,False,False,False,False,False,False,False,False,True,True,False,False,False,False,False,False,False,False,False,False,False,False,False,True,True,False,False,Unspecified,Unspecified,Twitter Followers MIX [ NO REFILL SERVICE ] [ FULL URL ]
717,Twitter,follower,5.9,25,3000,False,False,False,False,False,False,False,False,False,False,False,True,True,False,False,False,False,False,False,False,False,False,False,False,False,False,False,False,False,False,Unspecified,Unspecified,Twitter Followers MIX [ Only Username  no refill ]
51,Twitter,follower,5.0,20,1000,False,False,False,False,False,False,False,False,False,False,False,False,True,False,False,False,False,False,False,False,False,False,False,False,False,False,False,True,True,False,Unspecified,Unspecified,Twitter Followers [ 1K ] [MIX] [ STABLE ] [ 10 days refill only ]
718,Twitter,follower,9.2,50,4000,False,False,False,False,False,False,False,False,False,False,False,False,True,False,False,False,False,True,False,False,False,False,False,False,False,True,False,True,False,False,Unspecified,Unspecified,Twitter HQ Followers Fast [ 60 days refill ]
263,Twitter,retweet,6.5,20,10000,False,True,False,False,False,False,False,True,False,False,False,True,True,False,False,False,False,True,False,False,False,False,False,False,True,False,False,True,False,False,Unspecified,Unspecified,Twitter Retweets [HQ - REAL] [Max 10K] [ No Refill ]
464,Twitter,like,5.2,20,50000,False,True,False,False,False,False,False,False,False,False,False,True,True,False,False,False,False,True,False,False,False,False,False,False,False,False,False,False,False,False,Unspecified,Unspecified,Twitter Likes [HQ - REAL] [10K - 0-24H ] [ NO REFILL ]
54,Twitter,poll vote,0.8,100,100000000,False,False,False,False,False,False,False,False,False,False,False,False,False,False,False,False,False,False,False,False,False,False,False,False,False,False,False,False,False,False,Unspecified,Unspecified,Twitter Poll Votes
55,Twitter,view,0.58,100,10000000,False,False,False,False,False,False,False,False,False,False,False,False,False,False,False,False,False,False,False,False,False,False,False,False,False,False,False,False,False,False,Unspecified,Unspecified,Twitter Views
56,Twitter,impression,1.3,100,10000000,False,False,False,False,False,False,False,False,False,False,False,False,False,False,False,False,False,False,False,False,False,False,False,False,False,False,False,False,False,False,Unspecified,Unspecified,Twitter Impressions
57,Twitter,share,3.6,100,10000,False,False,False,False,False,False,False,False,False,False,False,False,False,False,False,False,False,False,False,False,False,False,False,False,False,False,False,False,False,False,Unspecified,Unspecified,Twitter - Share
487,Twitter,poll vote,0.35,100,1000000,False,False,False,False,False,False,False,False,False,False,False,False,False,False,False,False,False,False,False,False,False,False,False,False,False,False,False,False,False,False,Unspecified,Unspecified,Twitter Poll Votes [ Max 1m ]
488,Twitter,video view,0.3,100,10000000,False,False,False,False,False,False,False,False,False,False,False,False,False,False,False,False,False,False,False,False,False,False,False,False,False,False,False,False,False,False,Unspecified,Unspecified,Twitter Video Views [ Max 10m ]
489,Twitter,impression,0.35,100,10000000,False,False,False,False,False,False,False,False,False,False,False,False,False,False,False,False,False,False,False,False,False,False,False,False,False,False,False,False,False,False,Unspecified,Unspecified,Twitter Post Impression [ Max 10m ]
490,Twitter,,0.35,100,10000000,False,False,False,False,False,False,False,False,False,False,False,False,False,False,False,False,False,False,False,False,False,False,False,False,False,False,False,False,False,False,Unspecified,Unspecified,Twitter Profile Click [ Max 10m ]
491,Twitter,,0.35,100,10000000,False,False,False,False,False,False,False,False,False,False,False,False,False,False,False,False,False,False,False,False,False,False,False,False,False,False,False,False,False,False,Unspecified,Unspecified,Twitter Link Click [ Max 10m ]
492,Twitter,,0.35,100,10000000,False,False,False,False,False,False,False,False,False,False,False,False,False,False,False,False,False,False,False,False,False,False,False,False,False,False,False,False,False,False,Unspecified,Unspecified,Twitter Hasgtag Click [ Max 10m ]
703,YouTube,view,0.9,200,100000,False,True,False,False,False,False,False,False,False,False,False,False,True,False,False,False,False,False,False,False,True,False,False,False,False,False,True,True,False,False,Unspecified,Unspecified,Youtube Views | 200- 1000 Views Per Day | LIFETIME Guaranteed | INSTANT
827,YouTube,view,1.05,500,100000000,False,True,False,False,False,False,False,False,False,True,False,False,True,False,False,False,False,True,False,False,True,False,False,False,False,False,True,True,False,False,Unspecified,Unspecified,YouTube Views [ Instant Start ]  [ Life Time Guarantee ] [ 5k/ to 8k Day ]
715,YouTube,view,1.15,500,50000000,False,True,False,False,False,False,False,True,False,True,False,True,True,False,False,False,False,True,False,False,False,True,True,False,False,False,True,True,True,False,Unspecified,Unspecified,YouTube Views [ Speed 8k to 10k/Day ] [ 30Days refill ] [ Refill Button Allow ]
765,YouTube,view,1.15,1000,1000000,False,True,False,False,False,False,True,True,False,False,False,False,True,False,False,False,False,True,False,False,True,False,False,False,False,False,True,True,False,False,Unspecified,Unspecified,Youtube Views  [ Speed 30k-50K ] [ Lifetime Guarantee EXCLUSIVE ]
704,YouTube,view,1.2,1000,1000000,False,True,False,False,False,False,False,False,False,False,False,False,True,False,False,False,False,False,False,False,False,False,False,False,False,False,True,True,True,False,Unspecified,Unspecified,Youtube Views  [50K/ to 80K speed ] [ Refill 30 days] [Start Time 0 to 6 hours ]
735,YouTube,view,1.2,1000,1000000,False,True,False,False,False,False,False,False,False,False,False,False,True,False,False,False,False,False,False,False,True,False,False,False,False,False,True,True,False,False,Unspecified,Unspecified,Youtube Views [ 5k-10K] Lifetime Guarantee [ Retention 1-3 Mint ] [ Refill Button Enabled]
764,YouTube,view,1.25,500,10000000,False,True,False,False,False,False,False,False,False,False,False,False,True,False,False,False,False,True,False,False,False,False,False,False,False,False,True,True,False,False,Unspecified,Unspecified,Youtube - Views [ 20k - 30k Speed ] [ 30D REFILL ] [INSTANT START]
762,YouTube,view,1.25,1000,1000000,False,True,False,False,False,False,False,False,False,True,False,False,True,False,False,False,False,True,False,False,False,False,False,False,False,False,True,True,False,False,Unspecified,Unspecified,YouTube Views [ speed 5k-10K ] [ 30Days Refill ]  [ Retention Now Random 5 second to 5 Mint ]
716,YouTube,view,1.3,1000,1000000,False,True,False,False,False,False,False,False,False,False,False,False,True,False,False,False,False,False,False,False,True,False,False,False,False,False,True,True,True,True,Unspecified,Unspecified,YouTube Views [ Real Views Good For Ranking ][ Speed 100k-200k/Day ][ Lifetime Refill Guaranteed ]
705,YouTube,view,1.3,1000,10000000,False,True,False,False,False,False,False,False,False,False,False,False,True,False,False,False,False,False,False,False,True,False,False,False,False,False,True,True,True,False,Unspecified,Unspecified,Youtube Views [ 20k-30k/day ] [ Real Views] [ Lifetime Guarantee ]
593,YouTube,view,1.5,1000,100000,False,True,False,False,False,False,False,False,False,False,False,False,True,False,False,False,False,False,False,False,False,False,False,False,False,True,True,True,True,False,Unspecified,Unspecified,YouTube Views [ Super Fast ]  Instant 15K TO 20K /day [ 90 DAYS REFILL SERVICE ]
763,YouTube,view,1.55,1000,100000,False,True,False,False,False,False,False,False,False,True,False,False,True,False,False,False,False,True,False,False,True,False,False,False,False,True,True,True,False,False,Unspecified,Unspecified,Youtube Views [ Super Fast ]  Instant  [ Speed10k/-15k day ]  Lifetime Guarantee
592,YouTube,view,1.65,1000,10000000,False,True,False,False,False,False,False,False,False,False,False,False,True,False,False,False,False,False,False,False,False,False,False,False,False,False,True,True,True,True,Unspecified,Unspecified,Youtube Views [AUTO REFILL 90 DAYS ] [Instant to 12 Hours ] [ 50K TO 60K SPEED ] 🔥🔥🔥
741,YouTube,view,1.25,100000,1000000,False,True,False,False,False,False,False,False,False,False,False,False,True,False,False,False,False,False,False,False,False,False,False,False,False,False,True,True,True,False,Unspecified,Unspecified,Youtube Adwords view [20k/day] [Approval 0 - 8 hours ]
781,YouTube,view,1.35,500,100000000,False,True,False,False,False,False,True,True,False,False,False,False,True,False,False,False,False,True,False,False,True,False,False,False,False,False,True,True,False,False,Unspecified,Unspecified,Youtube Views [ 100k-200k/day ] [ NO DROP ] [ Life Time Guaranteed ] INSTANT
351,YouTube,view,1.4,1000,10000000,False,False,False,False,False,False,False,False,False,False,False,False,False,False,False,False,False,False,False,False,False,False,False,False,False,False,True,True,False,False,Brazil,Unspecified,YouTube Views [ BRAZIL ] 20k - 200k Per Day | INSTANT | LIFETIME
353,YouTube,view,1.4,200,10000000,False,False,False,False,False,False,False,False,False,False,False,True,True,False,False,False,False,False,False,False,False,True,True,False,False,False,False,True,False,False,Russia,Unspecified,YouTube Views [ RUSSIA ] 500 TO 1500 Per Day | NO REFILL NO REFUND
720,YouTube,view,1.85,100,10000000,False,False,False,False,False,False,False,False,False,False,False,False,True,False,False,False,False,False,False,False,True,False,False,False,False,False,False,True,False,False,France,Unspecified,YouTube Views [ FRANCE ][ Speed 1k-5k/Day ][ Lifetime Refill Guaranteed ]
721,YouTube,view,1.85,100,10000000,False,False,False,False,False,False,False,False,False,False,False,False,True,False,False,False,False,False,False,False,True,False,False,False,False,False,False,True,False,False,Turkey,Unspecified,YouTube Views [ Turkey ][ Speed 5k-20k/Day ][ Lifetime Refill Guaranteed ]
722,YouTube,view,1.85,100,10000000,False,False,False,False,False,False,False,False,False,False,False,False,True,False,False,False,False,False,False,False,True,False,False,False,False,False,False,True,False,False,USA,Unspecified,YouTube Views [ USA ][ Speed 5k-20k/Day ][ Lifetime Refill Guaranteed ]
723,YouTube,view,1.85,100,2147483647,False,False,False,False,False,False,False,False,False,False,False,False,True,False,False,False,False,False,False,False,True,False,False,False,False,False,False,True,False,False,Japan,Unspecified,YouTube Views [ JAPAN ][ Speed 1k-5k/Day ][ Lifetime Refill Guaranteed ]
782,YouTube,view,1.65,500,10000000,False,True,False,False,False,False,False,False,False,False,False,False,True,False,False,False,False,True,False,False,True,False,False,False,False,False,True,True,False,True,Brazil,Unspecified,YouTube Views [ BRAZIL ][ Speed 1k-5k/Day ][ Lifetime Refill Guaranteed ]
783,YouTube,view,1.65,500,10000000,False,True,False,False,False,False,False,False,False,False,False,False,True,False,False,False,False,True,False,False,True,False,False,False,False,False,True,True,False,True,USA,Unspecified,YouTube Views [ USA ][ Speed 1k-5k/Day ][ Lifetime Refill Guaranteed ]
784,YouTube,view,1.65,500,10000000,False,True,False,False,False,False,False,False,False,False,False,False,True,False,False,False,False,True,False,False,True,False,False,False,False,False,True,True,False,True,Thailand,Unspecified,YouTube Views [ THAILAND ][ Speed 1k-5k/Day ][ Lifetime Refill Guaranteed ]
785,YouTube,view,1.65,500,10000000,False,True,False,False,False,False,False,False,False,False,False,False,True,False,False,False,False,True,False,False,True,False,False,False,False,False,True,True,False,True,UK,Unspecified,YouTube Views [ UK ][ Speed 1k-5k/Day ][ Lifetime Refill Guaranteed ]
786,YouTube,view,1.65,500,10000000,False,True,False,False,False,False,False,False,False,False,False,False,True,False,False,False,False,True,False,False,True,False,False,False,False,False,True,True,False,True,Canada,Unspecified,YouTube Views [ CANADA ][ Speed 1k-5k/Day ][ Lifetime Refill Guaranteed ]
787,YouTube,view,1.65,500,10000000,False,True,False,False,False,False,False,False,False,False,False,False,True,False,False,False,False,True,False,False,True,False,False,False,False,False,True,True,False,True,Turkey,Unspecified,YouTube Views [ TURKEY ][ Speed 1k-5k/Day ][ Lifetime Refill Guaranteed ]
788,YouTube,view,1.65,500,10000000,False,True,False,False,False,False,False,False,False,False,False,False,True,False,False,False,False,True,False,False,True,False,False,False,False,False,True,True,False,True,Mexico,Unspecified,YouTube Views [ MEXICO ][ Speed 1k-5k/Day ][ Lifetime Refill Guaranteed ]
789,YouTube,view,1.65,500,10000000,False,True,False,False,False,False,False,False,False,False,False,False,True,False,False,False,False,True,False,False,True,False,False,False,False,False,True,True,False,True,Vietnam,Unspecified,YouTube Views [ VIETNAM ][ Speed 1k-5k/Day ][ Lifetime Refill Guaranteed ]
790,YouTube,view,1.65,500,10000000,False,True,False,False,False,False,False,False,False,False,False,False,True,False,False,False,False,True,False,False,True,False,False,False,False,False,True,True,False,True,Unspecified,Unspecified,YouTube Views [ MALAYSIA ][ Speed 1k-5k/Day ][ Lifetime Refill Guaranteed ]
791,YouTube,view,1.65,500,10000000,False,True,False,False,False,False,False,False,False,False,False,False,True,False,False,False,False,True,False,False,True,False,False,False,False,False,True,True,False,True,India,Unspecified,YouTube Views [ INDIA ][ Speed 1k-5k/Day ][ Lifetime Refill Guaranteed ]
792,YouTube,view,1.65,500,10000000,False,True,False,False,False,False,False,False,False,False,False,False,True,False,False,False,False,True,False,False,True,False,False,False,False,False,True,True,False,True,Indonesia,Unspecified,YouTube Views [ INDONESIA ][ Speed 1k-5k/Day ][ Lifetime Refill Guaranteed ]
793,YouTube,view,1.65,500,10000000,False,True,False,False,False,False,False,False,False,False,False,False,True,False,False,False,False,True,False,False,True,False,False,False,False,False,True,True,False,True,Germany,Unspecified,YouTube Views [ GERMANY ][ Speed 1k-5k/Day ][ Lifetime Refill Guaranteed ]
794,YouTube,view,1.65,500,10000000,False,True,False,False,False,False,False,False,False,False,False,False,True,False,False,False,False,True,False,False,True,False,False,False,False,False,True,True,False,True,Italy,Unspecified,YouTube Views [ ITALY ][ Speed 1k-5k/Day ][ Lifetime Refill Guaranteed ]
795,YouTube,view,1.65,500,10000000,False,True,False,False,False,False,False,False,False,False,False,False,True,False,False,False,False,True,False,False,True,False,False,False,False,False,True,True,False,True,Argentina,Unspecified,YouTube Views [ ARGENTINA ][ Speed 1k-5k/Day ][ Lifetime Refill Guaranteed ]
796,YouTube,view,1.65,500,10000000,False,True,False,False,False,False,False,False,False,False,False,False,True,False,False,False,False,True,False,False,True,False,False,False,False,False,True,True,False,True,Austria,Unspecified,YouTube Views [ AUSTRIA ][ Speed 1k-5k/Day ][ Lifetime Refill Guaranteed ]
797,YouTube,view,1.65,500,10000000,False,True,False,False,False,False,False,False,False,False,False,False,True,False,False,False,False,True,False,False,True,False,False,False,False,False,True,True,False,True,Belgium,Unspecified,YouTube Views [ BELGIUM ][ Speed 1k-5k/Day ][ Lifetime Refill Guaranteed ]
798,YouTube,view,1.65,500,10000000,False,True,False,False,False,False,False,False,False,False,False,False,True,False,False,False,False,True,False,False,True,False,False,False,False,False,True,True,False,True,Pakistan,Unspecified,YouTube Views [ PAKISTAN ][ Speed 1k-5k/Day ][ Lifetime Refill Guaranteed ]
799,YouTube,view,1.65,500,10000000,False,True,False,False,False,False,False,False,False,False,False,False,True,False,False,False,False,True,False,False,True,False,False,False,False,False,True,True,False,True,Denmark,Unspecified,YouTube Views [ DENMARK ][ Speed 1k-5k/Day ][ Lifetime Refill Guaranteed ]
800,YouTube,view,1.65,500,10000000,False,True,False,False,False,False,False,False,False,False,False,False,True,False,False,False,False,True,False,False,True,False,False,False,False,False,True,True,False,True,France,Unspecified,YouTube Views [ FRANCE ][ Speed 1k-5k/Day ][ Lifetime Refill Guaranteed ]
801,YouTube,view,1.65,500,10000000,False,True,False,False,False,False,False,False,False,False,False,False,True,False,False,False,False,True,False,False,True,False,False,False,False,False,True,True,False,True,Greece,Unspecified,YouTube Views [ GREECE ][ Speed 1k-5k/Day ][ Lifetime Refill Guaranteed ]
802,YouTube,view,1.65,500,10000000,False,True,False,False,False,False,False,False,False,False,False,False,True,False,False,False,False,True,False,False,True,False,False,False,False,False,True,True,False,True,Unspecified,Unspecified,YouTube Views [ HUNGARY ][ Speed 1k-5k/Day ][ Lifetime Refill Guaranteed ]
803,YouTube,view,1.65,500,10000000,False,True,False,False,False,False,False,False,False,False,False,False,True,False,False,False,False,True,False,False,True,False,False,False,False,False,True,True,False,True,Israel,Unspecified,YouTube Views [ ISRAEL ][ Speed 1k-5k/Day ][ Lifetime Refill Guaranteed ]
804,YouTube,view,1.65,500,10000000,False,True,False,False,False,False,False,False,False,False,False,False,True,False,False,False,False,True,False,False,True,False,False,False,False,False,True,True,False,True,Unspecified,Unspecified,YouTube Views [ IRELAND ][ Speed 1k-5k/Day ][ Lifetime Refill Guaranteed ]
805,YouTube,view,1.65,500,10000000,False,True,False,False,False,False,False,False,False,False,False,False,True,False,False,False,False,True,False,False,True,False,False,False,False,False,True,True,False,True,Japan,Unspecified,YouTube Views [ JAPAN ][ Speed 1k-5k/Day ][ Lifetime Refill Guaranteed ]
806,YouTube,view,1.65,500,10000000,False,True,False,False,False,False,False,False,False,False,False,False,True,False,False,False,False,True,False,False,True,False,False,False,False,False,True,True,False,True,Netherlands,Unspecified,YouTube Views [ NETHERLAND ][ Speed 1k-5k/Day ][ Lifetime Refill Guaranteed ]
807,YouTube,view,1.65,500,10000000,False,True,False,False,False,False,False,False,False,False,False,False,True,False,False,False,False,True,False,False,True,False,False,False,False,False,True,True,False,True,Portugal,Unspecified,YouTube Views [ PORTUGAL ][ Speed 1k-5k/Day ][ Lifetime Refill Guaranteed ]
808,YouTube,view,1.65,500,10000000,False,True,False,False,False,False,False,False,False,False,False,False,True,False,False,False,False,True,False,False,True,False,False,False,False,False,True,True,False,True,Russia,Unspecified,YouTube Views [ RUSSIA ][ Speed 1k-5k/Day ][ Lifetime Refill Guaranteed ]
809,YouTube,view,1.65,500,10000000,False,True,False,False,False,False,False,False,False,False,False,False,True,False,False,False,False,True,False,False,True,False,False,False,False,False,True,True,False,True,Korea,Unspecified,YouTube Views [ KOREA ][ Speed 1k-5k/Day ][ Lifetime Refill Guaranteed ]
810,YouTube,view,1.65,500,10000000,False,True,False,False,False,False,False,False,False,False,False,False,True,False,False,False,False,True,False,False,True,False,False,False,False,False,True,True,False,True,Spain,Unspecified,YouTube Views [ SPAIN ][ Speed 1k-5k/Day ][ Lifetime Refill Guaranteed ]
811,YouTube,view,1.65,500,10000000,False,True,False,False,False,False,False,False,False,False,False,False,True,False,False,False,False,True,False,False,True,False,False,False,False,False,True,True,False,True,Sweden,Unspecified,YouTube Views [ SWEDEN ][ Speed 1k-5k/Day ][ Lifetime Refill Guaranteed ]
812,YouTube,view,1.65,500,10000000,False,True,False,False,False,False,False,False,False,False,False,False,True,False,False,False,False,True,False,False,True,False,False,False,False,False,True,True,False,True,Taiwan,Unspecified,YouTube Views [ TAIWAN ][ Speed 1k-5k/Day ][ Lifetime Refill Guaranteed ]
813,YouTube,view,1.65,500,10000000,False,True,False,False,False,False,False,False,False,False,False,False,True,False,False,False,False,True,False,False,True,False,False,False,False,False,True,True,False,True,Ukraine,Unspecified,YouTube Views [ UKRAINE ][ Speed 1k-5k/Day ][ Lifetime Refill Guaranteed ]
814,YouTube,view,1.65,500,10000000,False,True,False,False,False,False,False,False,False,False,False,False,True,False,False,False,False,True,False,False,True,False,False,False,False,False,True,True,False,True,Australia,Unspecified,YouTube Views [ AUSTRALIA ][ Speed 1k-5k/Day ][ Lifetime Refill Guaranteed ]
815,YouTube,watchtime,11.0,1000,1000,False,True,False,False,False,False,False,False,False,False,False,False,True,False,False,False,False,True,False,False,False,False,False,False,False,False,False,True,True,False,Unspecified,Unspecified,Youtube Watchtime [ 1000 HOURS] [ Min 2 -3 Hours Video]
816,YouTube,watchtime,22.0,1000,1000,False,True,False,False,False,False,False,False,False,False,False,False,True,False,False,False,False,True,False,False,False,False,False,False,False,False,False,True,True,False,Unspecified,Unspecified,Youtube Watchtime [ 2000 HOURS ] [ Min 2-3 Hours Video]
817,YouTube,watchtime,33.0,1000,1000,False,True,False,False,False,False,False,False,False,False,False,False,True,False,False,False,False,True,False,False,False,False,False,False,False,False,False,True,True,False,Unspecified,Unspecified,Youtube Watchtime [ 3000 HOURS] [ Min 2 -3 Hours Video]
818,YouTube,watchtime,44.0,1000,1000,False,True,False,False,False,False,False,False,False,False,False,False,True,False,False,False,False,True,False,False,False,False,False,False,False,False,False,True,True,False,Unspecified,Unspecified,Youtube Watchtime [ 4000 Hours ] [Min 2-3 hours Video]
821,YouTube,watchtime,6.0,500,500,False,True,False,False,False,False,False,False,False,False,False,False,True,False,False,False,False,True,False,False,True,False,False,False,False,False,False,True,True,True,Unspecified,Unspecified,YouTube Watchtime [ 500 HOURS] [ 1-2 Hour Start] [30 days guarantee]
822,YouTube,watchtime,6.0,1000,1000,False,True,False,False,False,False,False,False,False,False,False,False,True,False,False,False,False,True,False,False,True,False,False,False,False,False,False,True,True,True,Unspecified,Unspecified,YouTube Watchtime [ 1000 HOURS] [ 1-2 Hour Start] [30 days guarantee]
823,YouTube,watchtime,6.0,2000,2000,False,True,False,False,False,False,False,False,False,False,False,False,True,False,False,False,False,True,False,False,True,False,False,False,False,False,False,True,True,True,Unspecified,Unspecified,Youtube Watchtime [ 2000 HOURS] [ 1-2 Hour Start] [30 days guarantee]
824,YouTube,watchtime,6.0,3000,3000,False,True,False,False,False,False,False,False,False,False,False,False,True,False,False,False,False,True,False,False,True,False,False,False,False,False,False,True,True,True,Unspecified,Unspecified,YouTube Watchtime [ 3000 HOURS] [ 1-2 Hour Start] [30 days guarantee
825,YouTube,watchtime,6.0,4000,4000,False,True,False,False,False,False,False,False,False,False,False,False,True,False,False,False,False,True,False,False,True,False,False,False,False,False,False,True,True,True,Unspecified,Unspecified,YouTube Watchtime [ 4000 HOURS] [ 1-2 Hour Start] [30 days guarantee]
67,YouTube,like,6.0,20,5000,False,False,False,False,False,False,False,True,False,False,False,True,True,False,False,False,False,True,False,False,False,False,False,False,False,False,True,False,False,False,Unspecified,Unspecified,Youtube Likes [HQ] [100K - Natural - Start Instant]
66,YouTube,like,14.0,50,20000,False,False,False,False,False,False,False,False,False,False,False,False,True,False,False,False,False,True,False,False,False,False,False,False,False,False,False,True,False,False,Unspecified,Unspecified,Youtube Likes [20K - 1K/D] [R30]
63,YouTube,like,10.0,20,600000,False,False,False,False,False,False,False,True,False,False,False,False,True,False,False,False,False,True,False,False,False,False,False,False,True,False,False,True,False,False,Unspecified,Unspecified,Youtube Likes [HQ] [5K - 50/D - 0-12H] [R10] [LESS DROP] [REFILL BUTTON]💧♻
68,YouTube,like,15.2,20,10000,False,False,False,False,False,False,False,False,False,False,False,False,True,False,False,False,False,False,False,False,False,False,False,False,False,False,False,True,False,False,Unspecified,Unspecified,Youtube Likes | REFILL 30 DAYS | 100k Max | Lifetime ]
767,YouTube,subscriber,7.2,10,10000,False,True,False,False,False,False,False,False,False,False,False,False,True,False,False,False,False,True,False,False,False,False,False,False,False,False,True,True,False,False,Unspecified,Unspecified,YouTube Subscribers [ Max 10k ] [  30 Days Auto refill with Button  ]
524,YouTube,subscriber,10.3,50,20000,False,True,False,False,False,False,False,False,False,False,False,False,True,False,False,False,False,True,False,False,False,False,False,False,False,False,True,True,False,False,Unspecified,Unspecified,YouTube Subscribers [ Max 20k ] [ 30 Days refill ]
362,YouTube,subscriber,13.28,50,110000,False,True,False,False,False,False,False,False,False,False,False,False,True,False,False,False,False,False,False,False,False,False,False,False,False,True,False,True,False,False,Unspecified,Unspecified,Youtube Real  Subscribers  [50K - NATURAL - R30 - FAST REFILL] [ speed 30 to 100 per day ]
363,YouTube,subscriber,22.0,5,2000,False,True,False,False,False,False,False,False,False,False,False,False,True,False,False,False,False,True,False,False,False,False,False,False,False,False,True,True,False,False,USA,Unspecified,Youtube USA  Subscribers  [ MAX 2K ] [ 30 Days Refill ]
65,YouTube,subscriber,48.0,50,130000,False,True,False,False,False,False,False,False,False,False,False,False,True,False,False,False,False,False,False,False,False,False,False,False,False,True,False,True,False,False,Unspecified,Unspecified,Youtube Subscribers [ENG/REAL] [15K - 200/D - R30]⚡️⚡️⚡️⭐🔥
69,YouTube,subscriber,48.0,5,1500,False,False,False,False,False,False,False,False,False,False,False,False,True,False,False,False,False,False,False,False,True,False,False,False,False,False,False,True,False,False,Unspecified,Unspecified,Youtube Subscribers [1 500] [ Life time Guarantee ]
70,YouTube,share,1.6,500,150000,False,False,False,False,False,False,False,False,False,False,False,False,False,False,False,False,False,False,False,False,False,False,False,False,False,False,False,False,False,False,Unspecified,Unspecified,Youtube Shares [150K]
71,YouTube,comment,40.0,10,100,False,False,False,False,False,False,False,False,False,True,False,False,False,False,False,False,False,False,False,False,False,False,False,False,False,False,False,False,False,False,USA,Unspecified,Youtube Comments [RANDOM] [USA]
72,YouTube,comment,52.0,10,500,False,False,False,False,False,False,False,False,False,False,True,False,False,False,False,False,False,False,False,False,False,False,False,False,False,False,False,False,False,False,USA,Unspecified,Youtube Comments [CUSTOM]  [USA]
743,Google,download,30.0,300,100000000,False,True,False,False,False,False,False,True,False,True,False,True,True,False,False,False,False,True,False,False,False,True,True,False,False,False,False,False,True,False,Unspecified,Unspecified,Google Play Store App Download
744,App,install,80.0,10,100000000,False,True,False,False,False,False,False,False,False,False,False,False,True,False,False,False,False,True,False,False,False,False,False,False,False,False,False,True,True,True,Unspecified,Unspecified,App Installs [Android App] [WW]
746,App,install,90.0,10,1000000000,False,True,False,False,False,False,False,True,True,False,False,False,True,False,False,False,False,False,False,False,False,False,False,False,False,False,False,True,True,True,Unspecified,Unspecified,App Installs [ Android App ] [ ANY TARGETED ] Non-Drop
745,Google,play,260.0,10,10000000,False,True,False,False,False,False,False,True,True,False,False,False,True,False,False,False,False,False,False,False,False,False,False,False,False,True,False,True,False,False,Unspecified,Unspecified,Android App Google Play installs - [ Real Targeted Install ] [ Non-Drop ]
747,App,install,125.0,10,1000000000,False,True,False,False,False,False,False,False,False,True,False,False,True,False,False,False,False,False,False,False,False,False,False,False,False,False,False,True,True,True,Unspecified,Unspecified,Keyword Installs [Android App]
748,Google,comment,200.0,20,50000000,False,True,False,False,False,False,False,True,True,True,False,False,True,False,False,False,False,False,False,False,False,False,False,False,False,False,False,True,False,True,Unspecified,Unspecified,Android App Google Play Installs + Comment
749,App,install,290.0,10,10000000,False,True,False,False,False,False,False,True,True,False,False,False,True,False,False,False,False,False,False,False,False,False,False,False,False,False,False,False,False,False,Unspecified,Unspecified,iOS App High Retention Install
750,App,review,280.0,100,10000000,False,False,False,False,False,False,False,False,False,True,True,False,False,False,False,False,False,False,False,False,False,False,False,False,False,False,False,True,False,True,Unspecified,Unspecified,Android App Install + 5 Stars Positive Rates + Customs or Random Reviews
753,App,review,300.0,100,10000000,False,False,False,False,False,False,False,False,False,True,True,False,True,False,False,False,False,False,False,False,False,False,False,False,False,False,False,True,False,True,Unspecified,Unspecified,Android App  5 Stars Positive Rates + Customs or Random Reviews [WORLDWIDE ]
751,App,rating,730.0,20,500,False,False,False,False,False,False,False,True,False,False,False,False,True,False,False,False,False,False,False,False,False,False,False,False,False,False,False,False,False,False,Unspecified,Unspecified,Android App - Rating ~ 4/5 Start ~ Worldwide
752,App,review,630.0,10,5000,False,False,False,False,False,False,False,True,False,False,False,False,True,False,False,False,False,False,False,False,False,False,False,False,False,False,False,False,False,True,Unspecified,Unspecified,Android App - Rating + Review ~ 4/5 Start ~ Worldwide
756,App,promotion,65.0,1,1,True,True,False,False,False,False,False,False,False,False,False,False,False,False,False,False,False,False,False,False,False,False,False,False,False,False,False,False,False,True,Unspecified,Unspecified,App promotion  App marketing for mobile App or game
757,App,promotion,105.0,1,1,True,True,False,False,False,False,False,False,False,False,False,False,False,False,False,False,False,False,False,False,False,False,False,False,False,False,False,False,False,True,Unspecified,Unspecified,App promotion  App marketing for mobile App or game
758,App,promotion,140.0,1,1,True,True,False,False,False,False,False,False,False,False,False,False,False,False,False,False,False,False,False,False,False,False,False,False,False,False,False,False,False,True,Unspecified,Unspecified,App promotion  App marketing for mobile App or game
759,App,promotion,50.0,1,1,False,False,False,False,False,False,False,False,False,False,False,False,False,False,False,False,False,False,False,False,False,False,False,False,False,False,False,False,False,True,Unspecified,Unspecified,Mobile app marketing and app promotion for mobile app
760,App,promotion,110.0,1,1,False,False,False,False,False,False,False,False,False,False,False,False,False,False,False,False,False,False,False,False,False,False,False,False,False,False,False,True,False,True,Unspecified,Unspecified,Mobile app marketing and app promotion for mobile app
761,App,promotion,200.0,1,1,False,False,False,False,False,False,False,False,False,False,False,False,False,False,False,False,False,False,False,False,False,False,False,False,False,False,False,True,False,True,Unspecified,Unspecified,Mobile app marketing and app promotion for mobile app
529,Website,traffic,0.32,1000,1000000,False,True,False,False,False,False,False,False,False,False,True,False,False,False,False,False,False,False,False,False,False,False,False,False,False,False,False,True,False,False,Unspecified,google.com,🔍 WorldWide Traffic from Google.com [Organic] [Custom Keywords]
530,,traffic,0.22,500,1000000,False,True,False,False,False,False,False,False,False,False,False,False,False,False,False,False,False,False,False,False,False,False,False,False,False,False,False,True,False,False,Unspecified,Unspecified,WorldWide Traffic - Direct Visits
531,,traffic,0.2,500,1000000,False,False,False,False,False,False,False,False,False,False,False,False,False,False,False,False,False,False,False,False,False,False,False,False,False,False,False,False,False,False,Unspecified,Unspecified,WorldWide Traffic - Direct Visits [1K min]
532,Website,traffic,0.26,500,1000000,False,True,False,False,False,False,False,False,False,False,False,False,False,False,False,False,False,False,False,False,False,False,False,False,False,False,False,True,False,False,Unspecified,google.com,WorldWide Traffic from Google.com
533,Website,traffic,0.26,500,1000000,False,True,False,False,False,False,False,False,False,False,False,False,False,False,False,False,False,False,False,False,False,False,False,False,False,False,False,True,False,False,Unspecified,facebook,WorldWide Traffic from Facebook
534,Website,traffic,0.26,500,1000000,False,True,False,False,False,False,False,False,False,False,False,False,False,False,False,False,False,False,False,False,False,False,False,False,False,False,False,True,False,False,Unspecified,instagram,WorldWide Traffic from Instagram
535,Website,traffic,0.26,500,1000000,False,True,False,False,False,False,False,False,False,False,False,False,False,False,False,False,False,False,False,False,False,False,False,False,False,False,False,True,False,False,Unspecified,quora,WorldWide Traffic from Quora
536,Blogger,traffic,0.26,500,1000000,False,True,False,False,False,False,False,False,False,False,False,False,False,False,False,False,False,False,False,False,False,False,False,False,False,False,False,True,False,False,Unspecified,blogspot/blogger.com,WorldWide Traffic from Blogspot/Blogger.com
537,,traffic,0.26,500,1000000,False,True,False,False,False,False,False,False,False,False,False,False,False,False,False,False,False,False,False,False,False,False,False,False,False,False,False,True,False,False,Unspecified,yandex.ru,WorldWide Traffic from Yandex.ru
538,,traffic,0.26,500,1000000,False,True,False,False,False,False,False,False,False,False,False,False,False,False,False,False,False,False,False,False,False,False,False,False,False,False,False,True,False,False,Unspecified,wikipedia,WorldWide Traffic from Wikipedia
539,Website,traffic,0.26,500,1000000,False,True,False,False,False,False,False,False,False,False,False,False,False,False,False,False,False,False,False,False,False,False,False,False,False,False,False,True,False,False,Unspecified,reddit,WorldWide Traffic from Reddit
540,Website,traffic,0.26,500,1000000,False,True,False,False,False,False,False,False,False,False,False,False,False,False,False,False,False,False,False,False,False,False,False,False,False,False,False,True,False,False,Unspecified,youtube,WorldWide Traffic from YouTube
541,Website,traffic,0.26,500,1000000,False,True,False,False,False,False,False,False,False,False,False,False,False,False,False,False,False,False,False,False,False,False,False,False,False,False,False,True,False,False,Unspecified,twitter,WorldWide Traffic from Twitter
542,Website,traffic,0.26,500,1000000,False,True,False,False,False,False,False,False,False,False,False,False,False,False,False,False,False,False,False,False,False,False,False,False,False,False,False,True,False,False,Unspecified,pinterest,WorldWide Traffic from Pinterest
543,Website,traffic,0.26,500,1000000,False,True,False,False,False,False,False,False,False,False,False,False,False,False,False,False,False,False,False,False,False,False,False,False,False,False,False,True,False,False,Unspecified,tumblr,WorldWide Traffic from Tumblr
544,,traffic,0.26,500,1000000,False,True,False,False,False,False,False,False,False,False,False,False,False,False,False,False,False,False,False,False,False,False,False,False,False,False,False,True,False,False,Unspecified,sina,WorldWide Traffic from Sina Weibo
545,Website,traffic,0.26,500,1000000,False,True,False,False,False,False,False,False,False,False,False,False,False,False,False,False,False,False,False,False,False,False,False,False,False,False,False,True,False,False,Unspecified,linkedin,WorldWide Traffic from LinkedIn
546,,traffic,0.26,500,1000000,False,True,False,False,False,False,False,False,False,False,False,False,False,False,False,False,False,False,False,False,False,False,False,False,False,False,False,True,False,False,Unspecified,stumbleupon,WorldWide Traffic from StumbleUpon
547,Website,traffic,0.26,500,1000000,False,True,False,False,False,False,False,False,False,False,False,False,False,False,False,False,False,False,False,False,False,False,False,False,False,False,False,True,False,False,Unspecified,amazon.com,WorldWide Traffic from Amazon.com
548,Website,traffic,0.26,500,1000000,False,True,False,False,False,False,False,False,False,False,False,False,False,False,False,False,False,False,False,False,False,False,False,False,False,False,False,True,False,False,Unspecified,twitch.tv,WorldWide Traffic from Twitch.TV
549,,traffic,0.26,500,1000000,False,True,False,False,False,False,False,False,False,False,False,False,False,False,False,False,False,False,False,False,False,False,False,False,False,False,False,True,False,False,Unspecified,bing.com,WorldWide Traffic from Bing.com
550,,traffic,0.26,500,1000000,False,True,False,False,False,False,False,False,False,False,False,False,False,False,False,False,False,False,False,False,False,False,False,False,False,False,False,True,False,False,Unspecified,ebay.com,WorldWide Traffic from eBay.com
551,,traffic,0.26,500,1000000,False,True,False,False,False,False,False,False,False,False,False,False,False,False,False,False,False,False,False,False,False,False,False,False,False,False,False,True,False,False,Unspecified,ok.ru,WorldWide Traffic from OK.ru
552,,traffic,0.26,500,1000000,False,True,False,False,False,False,False,False,False,False,False,False,False,False,False,False,False,False,False,False,False,False,False,False,False,False,False,True,False,False,Unspecified,imgur,WorldWide Traffic from IMGur
553,,traffic,0.26,500,1000000,False,True,False,False,False,False,False,False,False,False,False,False,False,False,False,False,False,False,False,False,False,False,False,False,False,False,False,True,False,False,Unspecified,buysellads.com,WorldWide Traffic from BuySellAds.com
554,,traffic,0.26,500,1000000,False,True,False,False,False,False,False,False,False,False,False,False,False,False,False,False,False,False,False,False,False,False,False,False,False,False,False,True,False,False,Unspecified,craigslist,WorldWide Traffic from Craigslist
555,,traffic,0.26,500,1000000,False,True,False,False,False,False,False,False,False,False,False,False,False,False,False,False,False,False,False,False,False,False,False,False,False,False,False,True,False,False,Unspecified,fiverr.com,WorldWide Traffic from Fiverr.com
556,,traffic,0.26,500,1000000,False,False,False,False,False,False,False,False,False,False,False,False,False,False,False,False,False,False,False,False,False,False,False,False,False,False,False,False,False,False,Unspecified,yelp,WorldWide Traffic from Yelp
557,Website,traffic,0.26,500,1000000,False,False,False,False,False,False,False,False,False,False,False,False,False,False,False,False,False,False,False,False,False,False,False,False,False,False,False,False,False,False,Unspecified,vk.com,WorldWide Traffic from VK.com
558,,traffic,0.26,500,1000000,False,False,False,False,False,False,False,False,False,False,False,False,False,False,False,False,False,False,False,False,False,False,False,False,False,False,False,False,False,False,Unspecified,yahoo,WorldWide Traffic from Yahoo
559,,traffic,0.26,500,1000000,False,False,False,False,False,False,False,False,False,False,False,False,False,False,False,False,False,False,False,False,False,False,False,False,False,False,False,False,False,False,Unspecified,live.com,WorldWide Traffic from Live.com
560,Website,traffic,0.26,500,1000000,False,False,False,False,False,False,False,False,False,False,False,False,False,False,False,False,False,False,False,False,False,False,False,False,False,False,False,False,False,False,Unspecified,netflix,WorldWide Traffic from Netflix
561,,traffic,0.26,500,1000000,False,False,False,False,False,False,False,False,False,False,False,False,False,False,False,False,False,False,False,False,False,False,False,False,False,False,False,False,False,False,Unspecified,msn,WorldWide Traffic from MSN
387,Spotify,play,0.8,1000,10000000,False,True,False,False,True,False,False,False,False,False,False,False,True,False,False,False,False,True,False,False,True,False,False,False,False,False,False,True,True,False,Unspecified,Unspecified,Spotify Plays
388,Spotify,play,1.5,1000,1000000,False,True,False,False,True,False,False,False,False,False,False,False,True,False,False,False,False,True,False,False,True,False,False,False,False,False,False,True,True,False,Unspecified,Unspecified,Spotify Premium Plays
389,Spotify,follower,1.5,100,100000,False,True,False,False,True,False,True,True,False,False,False,False,True,False,False,False,False,True,False,False,True,False,False,False,False,False,False,True,True,False,Unspecified,Unspecified,Spotify Quality Followers
390,Spotify,play,1.5,1000,1000000,False,True,False,False,True,False,False,False,False,False,False,False,True,False,False,False,False,True,False,False,True,False,False,False,False,False,False,True,True,False,Unspecified,Unspecified,Spotify Playlist Plays
606,Spotify,play,0.35,1000,10000000,False,True,False,False,False,False,False,False,False,False,False,False,True,False,False,False,False,True,True,False,False,False,False,False,False,False,False,True,False,False,Unspecified,Unspecified,Spotify Free Plays [1 - 12H - 3.5K/Day]
607,Spotify,play,0.55,1000,1000000,False,True,False,False,True,False,False,False,False,False,False,False,True,False,False,False,False,True,True,False,True,False,False,False,False,False,False,True,True,False,Unspecified,Unspecified,Spotify Premium Plays [1-12H - 3.5k / Day]
608,Spotify,play,0.85,100,100000,False,True,False,False,True,False,False,False,False,False,False,False,True,False,False,False,False,True,True,False,True,False,False,False,False,False,False,True,True,False,Unspecified,Unspecified,Spotify Free Plays (Small Amounts)
609,Spotify,play,1.08,100,1000,False,True,False,False,True,False,False,False,False,False,False,False,True,False,False,False,False,True,False,False,True,False,False,False,False,False,False,True,True,False,Unspecified,Unspecified,Spotify Premium Plays (Small Amounts)
610,Spotify,follower,0.82,20,100000,False,True,False,False,False,False,True,True,False,False,False,False,True,False,False,False,False,True,False,False,True,False,False,False,False,False,True,True,True,False,Unspecified,Unspecified,Spotify User Followers 🔥🔥🔥
611,Spotify,play,0.82,100,100000,False,True,False,False,False,False,False,False,False,False,False,False,True,False,False,False,False,True,False,False,True,False,False,False,False,False,False,True,True,False,Unspecified,Unspecified,Spotify Playlist Plays (Small Amounts)
612,Spotify,play,0.82,1000,10000000,False,True,False,False,False,False,False,True,False,False,False,False,True,False,False,False,False,True,False,False,True,False,False,False,False,False,True,True,True,False,Unspecified,Unspecified,Spotify Track Plays [WW]
613,Spotify,play,0.88,1000,10000000,False,True,False,False,False,False,False,True,False,False,False,False,True,False,False,False,False,True,False,False,True,False,False,False,False,False,True,True,False,False,USA,Unspecified,Spotify USA Plays
614,Spotify,play,0.88,20000,10000000,False,True,False,False,False,False,False,True,False,False,False,False,True,False,False,False,False,True,False,False,True,False,False,False,False,False,True,True,False,False,USA,Unspecified,Spotify Playlist Plays [USA]
615,Spotify,saves,6.9,100,1000000,False,True,False,False,False,False,False,False,False,False,False,False,True,False,False,False,False,True,False,False,False,False,False,False,False,False,False,False,False,False,Unspecified,Unspecified,Spotify Saves [For Track/Album]
616,Spotify,saves,25.0,500,1000000,False,True,False,False,False,False,False,False,False,False,False,False,True,False,False,False,False,True,False,False,False,False,False,False,False,False,False,False,False,False,Unspecified,Unspecified,Spotify Premium Saves
617,Spotify,follower,2.7,20,1000000,False,True,False,False,False,False,False,False,False,False,False,False,True,False,False,False,False,True,False,False,False,False,False,False,False,False,True,False,True,False,Unspecified,Unspecified,Spotify Followers
618,Spotify,follower,3.8,500,100000,False,True,False,False,True,False,False,False,False,False,False,False,True,False,False,False,False,True,False,False,False,False,False,False,True,False,False,True,False,False,Unspecified,Unspecified,Spotify Followers [PLAYLIST]
619,Spotify,play,0.82,1000,10000000,False,True,False,False,False,False,False,False,False,False,False,False,True,False,False,False,False,True,True,False,False,False,False,False,False,False,True,True,False,False,Unspecified,Unspecified,Spotify Plays
620,Spotify,follower,0.58,20,100000,False,True,False,False,True,False,False,False,False,False,False,False,True,False,False,False,False,True,False,False,False,False,False,False,False,False,False,True,True,False,Unspecified,Unspecified,Spotify Quality Followers
621,Spotify,play,0.58,1000,1000000,False,True,False,False,True,False,False,False,False,False,False,False,True,False,False,False,False,True,False,False,False,False,False,False,False,False,False,True,True,False,Unspecified,Unspecified,Spotify Playlist Plays
622,Spotify,saves,1.3,100,100000,False,True,False,False,True,False,False,False,False,False,False,False,True,False,False,False,False,True,False,False,False,False,False,False,False,False,False,True,True,False,Unspecified,Unspecified,Spotify Saves [For Track/Album]
623,Spotify,listener,1.06,1000,10000000,False,True,False,False,True,False,False,False,False,False,False,False,True,False,False,False,False,True,False,False,False,False,False,False,False,False,False,True,True,False,Unspecified,Unspecified,Spotify Monthly Listeners
624,Spotify,follower,1.06,20,100000,False,True,False,False,True,False,False,False,False,False,False,False,True,False,False,False,False,True,False,False,False,False,False,False,False,False,False,True,True,False,Unspecified,Unspecified,Spotify Playlist Followers
625,Podcast,play,2.55,500,100000,False,True,False,False,False,False,False,False,False,False,False,False,True,False,False,False,False,True,False,False,False,False,False,False,False,False,False,True,True,False,Unspecified,Unspecified,Spotify Podcast Plays
73,SoundCloud,play,0.025,50000,10000000,False,False,False,False,False,False,False,False,False,False,False,False,False,False,False,False,False,True,False,False,False,False,False,False,False,True,False,False,False,False,Unspecified,Unspecified,SoundCloud Plays (HQ  Fast Delivery  Unlimited)
74,SoundCloud,play,0.037000000000000005,100,1500000,False,False,False,False,False,False,False,False,False,False,False,False,False,False,False,False,False,False,False,False,False,False,False,False,False,False,False,False,False,False,Unspecified,Unspecified,SoundCloud Plays [1.5M] [100K/D] [0-1H]
75,SoundCloud,download,0.05,1000,1000000,False,False,False,False,False,False,False,False,False,False,False,False,False,False,False,False,False,False,False,False,False,False,False,False,False,False,False,False,False,False,Unspecified,Unspecified,SoundCloud Downloads [10M] [50K/D] [0-12H]
76,SoundCloud,download,0.17,100,1500000,False,True,False,False,False,False,False,False,False,False,False,False,False,False,False,False,False,False,False,False,False,False,False,False,False,False,False,False,False,False,Unspecified,Unspecified,SoundCloud Real Downloads [1.5M] [200K/D] [0-2H]
80,SoundCloud,like,1.5,20,40000,False,False,False,False,False,False,False,False,False,False,False,False,False,False,False,False,False,False,False,False,False,False,False,False,False,False,False,False,False,False,Unspecified,Unspecified,SoundCloud Likes [40K] [5K/D] [0-1H]
77,SoundCloud,repost,11.0,50,100000,False,False,False,False,False,False,False,False,False,False,False,False,False,False,False,False,False,False,False,False,False,False,False,False,False,False,False,True,True,False,Unspecified,Unspecified,Soundcloud Reposts  0-1 hour start time  1 000-2 000/day speed
79,SoundCloud,follower,1.5,20,25000,False,False,False,False,False,False,False,False,False,False,False,False,False,False,False,False,False,False,False,False,False,False,False,False,False,False,False,False,False,False,USA,Unspecified,SoundCloud USA Followers [10K] [2K/D] [0-12H] [R30]
109,SoundCloud,follower,1.85,100,50000,False,False,False,False,False,False,False,False,False,False,False,False,False,False,False,False,False,False,False,False,False,False,False,False,False,False,True,False,False,False,Unspecified,Unspecified,Soundcloud - Followers [ S1] [ Instant ]
81,,follower,0.7,100,100000,False,False,False,False,False,False,False,False,False,False,False,False,False,False,False,False,False,False,False,False,False,False,False,False,False,False,True,False,False,False,Unspecified,Unspecified,Vine - Followers INSTANT
82,,,0.85,1000,100000,False,False,False,False,False,False,False,False,False,False,False,False,False,False,False,False,False,False,False,False,False,False,False,False,False,False,False,False,False,False,Unspecified,Unspecified,Vine - Loops
83,,like,0.9,100,100000,False,False,False,False,False,False,False,False,False,False,False,False,False,False,False,False,False,False,False,False,False,False,False,False,False,False,True,False,False,False,Unspecified,Unspecified,Vine - Likes  INSTANT
84,,,0.6,100,100000,False,False,False,False,False,False,False,False,False,False,False,False,False,False,False,False,False,False,False,False,False,False,False,False,False,False,True,False,False,False,Unspecified,Unspecified,Vine - Revine  INSTANT
85,Google,follower,6.5,100,6000,False,False,False,False,False,False,False,False,False,False,False,False,False,False,False,False,False,False,False,False,False,False,False,False,False,False,False,False,False,False,Unspecified,Unspecified,Google Plus - Followers | Circles ( Max 6000)
87,Google,like,8.3,20,2000,False,False,False,False,False,False,False,False,False,False,False,False,False,False,False,False,False,False,False,False,False,False,False,False,False,False,False,False,False,False,Unspecified,Unspecified,Google Plus - Post Likes ( Speed 200-500 )
88,Google,share,8.3,20,1500,False,False,False,False,False,False,False,False,False,False,False,False,False,False,False,False,False,False,False,False,False,False,False,False,False,False,False,False,False,False,Unspecified,Unspecified,Google Reshares [1.5K]
90,Vimeo,follower,18.5,100,100000,False,False,False,False,False,False,False,False,False,False,False,False,False,False,False,False,False,False,False,False,False,False,False,False,False,False,False,False,False,False,Unspecified,Unspecified,Vimeo- Followers
92,Pinterest,follower,2.6,100,500000,False,False,False,False,False,False,False,False,False,False,False,False,False,False,False,False,False,False,False,False,False,False,False,False,False,False,False,False,True,False,Unspecified,Unspecified,Pinterest - Followers [ 0 to 6 hours start time ]
93,Pinterest,like,2.5,50,50000,False,False,False,False,False,False,False,False,False,False,False,False,False,False,False,False,False,False,False,False,False,False,False,False,False,False,True,False,False,False,Unspecified,Unspecified,Pinterest - Likes ( Instant )
110,Pinterest,like,2.5,50,50000,False,False,False,False,False,False,False,False,False,False,False,False,False,False,False,False,False,False,False,False,False,False,False,False,False,False,False,True,True,False,Unspecified,Unspecified,Pinterest Pin Likes [500K] 0-6 Hours Start!  1K - 10K/Day
111,Pinterest,repin,2.5,20,10000000,False,False,False,False,False,False,False,False,False,False,False,False,False,False,False,False,False,False,False,False,False,False,False,False,False,False,False,True,True,False,Unspecified,Unspecified,Pinterest RePins 0-1 Hour Start!  1K - 10K/Day
94,LinkedIn,follower,10.0,100,1000,False,False,False,False,False,False,False,True,True,False,False,False,True,False,False,False,False,False,False,False,True,False,False,False,False,False,False,True,True,False,Unspecified,Unspecified,LinkedIn Followers [ NON-DROP - Lifetime Guarantee - 0-24H]
95,LinkedIn,follower,12.0,100,10000000,False,False,False,False,False,False,False,True,True,False,False,False,True,False,False,False,False,False,False,False,True,False,False,False,False,False,False,True,True,False,Unspecified,Unspecified,LinkedIn Followers [NON-DROP - Lifetime Guarantee - 0-24H]
240,LinkedIn,like,39.0,25,500000,False,True,False,False,False,False,False,True,True,False,False,False,True,False,False,False,False,False,False,False,True,False,False,False,False,False,False,True,True,False,Unspecified,Unspecified,LinkedIn Post Likes [ NON-DROP - Lifetime Guarantee - 0-24H]
597,LinkedIn,follower,6.3,100,5000,False,False,False,False,False,False,False,False,False,False,False,False,False,False,False,False,False,False,False,False,False,False,False,False,False,False,False,False,False,False,Unspecified,Unspecified,LinkedIn Profiles Follower
598,LinkedIn,follower,5.75,100,1000000,False,False,False,False,False,False,False,False,False,False,False,False,False,False,False,False,False,False,False,False,False,False,False,False,False,False,False,False,False,False,Unspecified,Unspecified,LinkedIn Company Page Followers Worldwide
599,LinkedIn,follower,6.75,100,1000000,False,False,False,False,False,False,False,False,False,False,False,False,True,False,False,False,False,False,False,False,False,False,False,False,False,False,False,True,False,False,Unspecified,Unspecified,LinkedIn Followers [100k] [REFILL 60 DAYS ]
600,Telegram,channel member,1.3,100,3000,False,False,False,False,False,False,False,False,False,False,False,False,False,False,False,False,False,False,False,False,False,False,False,False,False,False,False,False,False,False,Unspecified,Unspecified,Telegram Public Channel Members [3K]
601,Telegram,group member,3.5,100,10000,False,False,False,False,False,False,False,False,False,False,False,False,False,False,False,False,False,False,False,False,False,False,False,False,False,False,False,False,False,False,Unspecified,Unspecified,Telegram Group Members [10K]
602,Telegram,channel member,1.1,100,30000,False,False,False,False,False,False,False,False,False,False,False,False,False,False,False,False,False,False,False,False,False,False,False,False,False,False,False,False,False,False,Unspecified,Unspecified,Telegram - Public Channel Members
603,Telegram,channel member,1.2,500,30000,False,False,False,False,False,False,False,False,False,False,False,False,False,False,False,False,False,False,False,False,False,False,False,False,False,False,False,False,False,False,Unspecified,Unspecified,Telegram - Hidden Channel Member
604,Telegram,group member,1.15,500,30000,False,False,False,False,False,False,False,False,False,False,False,False,False,False,False,False,False,False,False,False,False,False,False,False,False,False,False,False,False,False,Unspecified,Unspecified,Telegram - Public Group Members
605,Telegram,group member,3.7,500,30000,False,False,False,False,False,False,False,False,False,False,False,False,False,False,False,False,False,False,False,False,False,False,False,False,False,False,False,False,False,False,Unspecified,Unspecified,Telegram - Group Members
695,TikTok,view,0.009000000000000001,250,10000000,False,False,False,False,False,False,False,False,False,False,False,False,False,False,False,False,False,False,False,False,False,False,False,False,False,False,True,False,False,False,Unspecified,Unspecified,TikTok - Views [ Max 1000k ] - Instant
283,,view,0.02,100,1000000,False,False,False,False,False,False,False,False,False,False,False,False,False,False,False,False,False,False,False,False,False,False,False,False,False,False,False,True,False,False,Unspecified,Unspecified,Tik Tok Views - Speed 300k/Day
697,TikTok,follower,4.75,50,50000,False,False,False,False,False,False,False,False,False,False,False,False,False,False,False,False,False,False,False,False,False,False,False,False,False,False,True,False,False,False,Unspecified,Unspecified,TikTok - Followers [ Max 25k ] [ Speed 2k  INSTANT ]
596,,follower,5.5,20,30000,False,False,False,False,False,False,False,False,False,False,False,False,False,False,False,False,False,False,False,False,False,False,False,False,False,False,True,True,False,False,Unspecified,Unspecified,Tik Tok - Followers - Instant start
493,,like,5.5,20,30000,False,False,False,False,False,False,False,False,False,False,False,False,False,False,False,False,False,False,False,False,False,False,False,False,False,False,False,False,False,False,Unspecified,Unspecified,Tik Tok Like [ Max 150K ]
698,TikTok,like,1.65,100,10000,False,False,False,False,False,False,False,False,False,False,False,False,False,False,False,False,False,False,False,False,False,False,False,False,False,False,False,False,False,False,Unspecified,Unspecified,TikTok - Likes [ Max 10k - 1k-5k speed ]  [ Need Video Link ]
112,Periscope,follower,6.0,100,50000,False,False,False,False,False,False,False,False,False,False,False,False,False,False,False,False,False,False,False,False,False,False,False,False,False,False,True,False,False,False,Unspecified,Unspecified,Periscope - Followers [ High Quality ] INSTANT
275,Shazam,follower,5.5,1000,5000000,False,False,False,False,False,False,False,False,False,False,False,False,False,False,False,False,False,False,False,False,False,False,False,False,False,False,False,False,False,False,Unspecified,Unspecified,Shazam Followers [100K] [10K/D] [0-12H]
276,Shazam,play,1.5,1000,5000000,False,False,False,False,False,False,False,False,False,False,False,False,False,False,False,False,False,False,False,False,False,False,False,False,False,False,False,False,False,False,Unspecified,Unspecified,Shazam Plays [1M] [15K/D] [0-12H]
278,MixCloud,like,5.5,10,500,False,False,False,False,False,False,False,False,False,False,False,False,False,False,False,False,False,False,False,False,False,False,False,False,False,False,False,False,False,False,Unspecified,Unspecified,Mixcloud - Likes
280,MixCloud,repost,5.5,10,500,False,False,False,False,False,False,False,False,False,False,False,False,False,False,False,False,False,False,False,False,False,False,False,False,False,False,False,False,False,False,Unspecified,Unspecified,Mixcloud - Reposts
281,MixCloud,play,0.6,1000,100000,False,False,False,False,False,False,False,False,False,False,False,False,False,False,False,False,False,False,False,False,False,False,False,False,False,False,False,False,False,False,Unspecified,Unspecified,Mixcloud - Plays
282,MixCloud,follower,5.8,10,500,False,False,False,False,False,False,False,False,False,False,False,False,False,False,False,False,False,False,False,False,False,False,False,False,False,False,True,False,False,False,Unspecified,Unspecified,Mixcloud - Followers [ INSTANT ]
391,,,0.59,10,100000,False,False,False,False,False,False,False,False,False,False,False,False,False,False,False,False,False,False,False,False,False,False,False,False,False,False,False,False,False,False,Unspecified,Unspecified,pvt 1
