ID,Site,Product,Price/1000,Min,Max,Active,Real,Bot,No Drip,Drip,Non-drip,No Drop,Drop,Non-drop,Random,Custom,No Refill,Refill,Non-refill,Female,Male,Power,HQ,LQ,No Guarantee,Guarantee,Refund,No refund,Non-refund,Slow,Fast,Instant,Day,Hour,Bundle,Geo,From,Service
2854,Instagram,like,0.75,20,35000,False,False,False,False,False,False,False,True,True,False,False,False,False,False,False,False,False,True,False,False,False,False,False,False,False,False,False,False,False,False,Unspecified,Unspecified,🔥⭐️ Instagram Likes [HQ - NON DROP]
2829,Instagram,like,0.64,10,25000,False,False,False,False,False,False,False,False,False,False,False,False,True,False,False,False,False,False,False,False,False,False,False,False,False,True,False,True,False,True,Unspecified,Unspecified,🔥⭐️ Instagram Likes + Impressions + Profile Visits + Reach
2724,Instagram,like,2.25,20,5000,False,False,False,False,False,False,False,False,False,False,False,False,True,False,True,True,False,True,False,False,False,False,False,False,True,True,False,True,True,True,Unspecified,Unspecified,🔥⭐️🇺🇸 Instagram Likes [ 𝐔𝐒𝐀 𝐅𝐞𝐦𝐚𝐥𝐞 ]
2555,Instagram,like,7.65,10,25000,False,False,False,False,False,False,False,False,False,False,False,False,True,False,False,False,False,True,False,False,False,False,False,False,True,True,False,True,True,True,Unspecified,Unspecified,🔥⭐️🇰🇷 Instagram Likes + 5% Followers [ 𝐒𝐨𝐮𝐭𝐡 𝐊𝐨𝐫𝐞𝐚 ]
2557,Instagram,follower,7.8,50,25000,False,False,False,False,False,False,False,False,False,False,False,False,True,False,False,False,False,True,False,False,True,False,False,False,True,True,False,True,True,False,Unspecified,Unspecified,🔥⭐️🇰🇷 Instagram Followers [ 𝐒𝐨𝐮𝐭𝐡 𝐊𝐨𝐫𝐞𝐚 ]
2862,Instagram,like,18.0,10,10000,True,True,False,False,False,False,False,True,True,True,False,False,False,False,False,False,False,False,False,False,True,False,False,False,False,True,False,False,False,False,Unspecified,Unspecified,🔥⭐️🇰🇷 Instagram Likes [ 𝐒𝐨𝐮𝐭𝐡 𝐊𝐨𝐫𝐞𝐚 ] [ 𝐑𝐞𝐚𝐥 & 𝐀𝐜𝐭𝐢𝐯𝐞 ]
1764,YouTube,view,2.85,100,100000,True,True,False,False,False,False,False,True,True,True,False,False,True,False,False,False,False,False,False,False,True,False,False,False,False,False,False,True,False,True,Unspecified,Unspecified,🔥⭐️ YouTube Unique Views [RAV™ - Real & Active Views] + Engagements
2685,YouTube,ads view,2.1,1000,500000,False,True,False,False,False,False,False,False,False,True,False,False,True,False,False,False,False,False,False,False,True,False,False,False,False,False,False,True,False,True,Unspecified,Unspecified,🔥 YouTube Unique Views [EAV™ - Embedded Ads Views] + Engagements
2584,Instagram,view,0.025,500,10000000,False,True,False,False,False,False,False,False,False,False,False,False,False,False,False,False,False,False,False,False,False,False,False,False,False,True,False,False,False,False,Unspecified,Unspecified,🔥 Instagram Views
908,Instagram,view,0.09,250,1000000,False,True,False,False,False,False,False,False,False,True,False,False,False,False,False,False,False,False,False,False,False,False,False,False,False,True,False,False,False,True,Unspecified,Unspecified,🔥 Instagram Views + Impressions [ + 𝐏𝐫𝐨𝐟𝐢𝐥𝐞 𝐕𝐢𝐬𝐢𝐭𝐬 ]
653,Instagram,view,0.14,100,5000000,False,True,False,False,False,False,False,False,False,False,False,False,False,False,False,False,False,False,False,False,False,False,False,False,False,True,False,False,False,True,Unspecified,Unspecified,🔥 Instagram Views + Impressions [ 𝐂𝐨𝐦𝐛𝐨 ]
2568,Instagram,view,0.05,100,1000000,False,False,False,False,False,False,False,False,False,False,False,False,False,False,False,False,False,False,False,False,False,False,False,False,True,True,True,False,False,False,Unspecified,Unspecified,🔥 Instagram TV Views
902,Instagram,impression,0.09,100,1000000,False,True,False,False,False,False,False,False,False,False,False,False,False,False,False,False,False,False,False,False,False,False,False,False,False,True,False,False,False,False,Unspecified,Unspecified,🔥 Instagram Post Impressions
619,Instagram,impression,0.17,100,1000000,False,True,False,False,False,False,False,False,False,False,False,False,False,False,False,False,False,False,False,False,False,False,False,False,False,True,False,False,False,False,Unspecified,Unspecified,🔥 Instagram Post Impressions [ 𝐂𝐨𝐦𝐛𝐨 𝐏𝐚𝐜𝐤 ]
2560,Instagram,,0.25,20,100000,False,False,False,False,False,False,False,False,False,False,False,False,False,False,False,False,False,False,False,False,False,False,False,False,False,True,False,False,False,False,Unspecified,Unspecified,🔥 Instagram Profile Visits
504,SoundCloud,play,0.07,100,1000000,False,True,False,False,False,False,False,False,False,False,False,False,False,False,False,False,False,False,False,False,False,False,False,False,False,False,False,True,False,True,Unspecified,Unspecified,🔥 Soundcloud Plays
969,SoundCloud,play,0.05,5000,10000000,False,True,False,False,False,False,False,False,False,False,False,False,False,False,False,False,False,False,False,False,False,False,False,False,False,False,False,True,False,True,Unspecified,Unspecified,🔥 Soundcloud Plays [Min 5K]
2755,Spotify,play,1.99,1000,10000000,False,True,False,False,False,False,False,False,False,False,False,False,False,False,False,False,False,False,False,False,False,False,False,False,False,False,False,True,True,False,Unspecified,Unspecified,🔥 Spotify Track Plays [Real - WorldWide]
2754,Spotify,play,2.45,1000,10000000,False,True,False,False,False,False,False,False,False,False,False,False,False,False,False,False,False,False,False,False,False,False,False,False,False,False,False,True,True,False,USA,Unspecified,🔥 Spotify Track Plays [Real - USA / EU / AU]
1128,Website,traffic,0.1,500,1000000,False,True,False,False,False,False,False,False,False,False,False,False,False,False,False,False,False,False,False,False,False,False,False,False,False,False,True,True,False,True,Unspecified,Unspecified,🚀 WorldWide Website Traffic - Direct Visits [INSTANT]
1146,Website,traffic,0.18,500,1000000,False,True,False,False,False,False,False,False,False,False,False,False,False,False,False,False,False,False,False,False,False,False,False,False,False,False,False,True,True,True,Unspecified,google.com,🚀 WorldWide Website Traffic from Google.com
1291,Website,traffic,0.2,1000,1000000,False,False,False,False,False,False,False,False,False,False,True,False,False,False,False,False,False,False,False,False,False,False,False,False,False,False,False,True,False,True,Unspecified,google.com,🔎 WorldWide Traffic from Google.com [ 𝐎𝐫𝐠𝐚𝐧𝐢𝐜] [ 𝐂𝐮𝐬𝐭𝐨𝐦 𝐊𝐞𝐲𝐰𝐨𝐫𝐝𝐬 ]
2839,,traffic,0.6,1000,1000000,False,False,False,False,False,False,False,False,False,False,False,False,False,False,False,False,False,False,False,False,False,False,False,False,False,False,True,True,True,True,Any Country,any,📱 Mobile Traffic from Any Country [See Description]
2476,,traffic,0.7,1000,60000,False,False,False,False,False,False,False,False,False,False,False,False,False,False,False,False,False,False,False,False,False,False,False,False,False,False,True,True,True,True,Unspecified,iphone,📱 𝐔𝐒𝐀 Traffic from iPhone [ 𝟏𝟎𝟎% 𝐌𝐨𝐛𝐢𝐥𝐞 𝐢𝐎𝐒 - 𝐎𝐫𝐠𝐚𝐧𝐢𝐜 ]
2477,,traffic,0.7,1000,60000,False,False,False,False,False,False,False,False,False,False,False,False,False,False,False,False,False,False,False,False,False,False,False,False,False,False,True,True,True,True,Unspecified,iphone,📱 𝐒𝐨𝐮𝐭𝐡 𝐊𝐨𝐫𝐞𝐚 Traffic from iPhone [ 𝟏𝟎𝟎% 아이폰 유기 트래픽 ]
1677,,,4.0,1,1,False,False,False,False,True,False,False,False,False,False,False,False,False,False,False,False,False,False,False,False,False,False,False,False,False,True,False,True,False,True,Unspecified,𝐅𝐚𝐜𝐞𝐛𝐨𝐨𝐤,📊 𝟓 𝟎𝟎𝟎 Social Signals from 𝐅𝐚𝐜𝐞𝐛𝐨𝐨𝐤
2766,,,4.0,1,1,False,False,False,False,True,False,False,False,False,False,False,False,False,False,False,False,False,False,False,False,False,False,False,False,False,True,False,True,False,True,Unspecified,𝐏𝐢𝐧𝐭𝐞𝐫𝐞𝐬𝐭,📊 𝟓 𝟎𝟎𝟎 Social Signals from 𝐏𝐢𝐧𝐭𝐞𝐫𝐞𝐬𝐭
2831,Quora,view,0.75,500,100000,False,False,False,False,False,False,False,False,False,False,False,False,False,False,False,False,False,False,False,False,False,False,False,False,False,False,False,True,True,True,Unspecified,Unspecified,👁‍🗨 Quora Answer Views
1762,YouTube,view,2.85,100,500000,True,True,False,False,False,False,False,True,True,True,False,False,True,False,False,False,False,False,False,False,True,False,False,False,False,False,False,True,False,True,Unspecified,Unspecified,🔥⭐️ YouTube Unique Views [RAV™ - Real & Active Views] + Engagements
2686,YouTube,ads view,2.1,1000,500000,False,True,False,False,False,False,False,False,False,True,False,False,True,False,False,False,False,False,False,False,True,False,False,False,False,False,False,True,False,True,Unspecified,Unspecified,🔥 YouTube Unique Views [EAV™ - Embedded Ads Views] + Engagements
2594,YouTube,view,3.15,100,100000,True,True,False,False,False,False,False,True,True,True,False,False,True,False,False,False,False,False,False,False,True,False,False,False,False,False,False,True,False,True,Unspecified,Unspecified,🇰🇷 YouTube Unique Views - 𝐒𝐨𝐮𝐭𝐡 𝐊𝐨𝐫𝐞𝐚 [RAV™ - Real & Active Views]
2640,YouTube,view,3.15,100,100000,True,True,False,False,False,False,False,True,True,True,False,False,True,False,False,False,False,False,False,False,True,False,False,False,False,False,False,True,False,True,Unspecified,Unspecified,🇹🇷 YouTube Unique Views - 𝐓𝐮𝐫𝐤𝐞𝐲 [RAV™ - Real & Active Views]
2601,YouTube,view,3.15,100,100000,True,True,False,False,False,False,False,True,True,True,False,False,True,False,False,False,False,False,False,False,True,False,False,False,False,False,False,True,False,True,Unspecified,Unspecified,🇮🇩 YouTube Unique Views - 𝐈𝐧𝐝𝐨𝐧𝐞𝐬𝐢𝐚 [RAV™ - Real & Active Views]
2605,YouTube,view,3.15,100,100000,True,True,False,False,False,False,False,True,True,True,False,False,True,False,False,False,False,False,False,False,True,False,False,False,False,False,False,True,False,True,Unspecified,Unspecified,🇷🇸 YouTube Unique Views - 𝐒𝐞𝐫𝐛𝐢𝐚 [RAV™ - Real & Active Views]
2616,YouTube,view,3.15,100,100000,True,True,False,False,False,False,False,True,True,True,False,False,True,False,False,False,False,False,False,False,True,False,False,False,False,False,False,True,False,True,Unspecified,Unspecified,🇦🇪 YouTube Unique Views - 𝐔𝐀𝐄 [RAV™ - Real & Active Views]
2595,YouTube,view,3.15,100,100000,True,True,False,False,False,False,False,True,True,True,False,False,True,False,False,False,False,False,False,False,True,False,False,False,False,False,False,True,False,True,Unspecified,Unspecified,🇦🇷 YouTube Unique Views - 𝐀𝐫𝐠𝐞𝐧𝐭𝐢𝐧𝐚 [RAV™ - Real & Active Views]
2596,YouTube,view,3.15,100,100000,True,True,False,False,False,False,False,True,True,True,False,False,True,False,False,False,False,False,False,False,True,False,False,False,False,False,False,True,False,True,Unspecified,Unspecified,🇧🇩 YouTube Unique Views - 𝐁𝐚𝐧𝐠𝐥𝐚𝐝𝐞𝐬𝐡 [RAV™ - Real & Active Views]
2597,YouTube,view,3.15,100,100000,True,True,False,False,False,False,False,True,True,True,False,False,True,False,False,False,False,False,False,False,True,False,False,False,False,False,False,True,False,True,Unspecified,Unspecified,🇧🇷 YouTube Unique Views - 𝐁𝐫𝐚𝐳𝐢𝐥 [RAV™ - Real & Active Views]
2599,YouTube,view,3.15,100,100000,True,True,False,False,False,False,False,True,True,True,False,False,True,False,False,False,False,False,False,False,True,False,False,False,False,False,False,True,False,True,Unspecified,Unspecified,🇪🇬 YouTube Unique Views - 𝐄𝐠𝐲𝐩𝐭 [RAV™ - Real & Active Views]
2600,YouTube,view,3.15,100,100000,True,True,False,False,False,False,False,True,True,True,False,False,True,False,False,False,False,False,False,False,True,False,False,False,False,False,False,True,False,True,Unspecified,Unspecified,🇮🇳 YouTube Unique Views - 𝐈𝐧𝐝𝐢𝐚 [RAV™ - Real & Active Views]
2604,YouTube,view,3.15,100,100000,True,True,False,False,False,False,False,True,True,True,False,False,True,False,False,False,False,False,False,False,True,False,False,False,False,False,False,True,False,True,Unspecified,Unspecified,🇻🇳 YouTube Unique Views - 𝐕𝐢𝐞𝐭 𝐍𝐚𝐦 [RAV™ - Real & Active Views]
2602,YouTube,view,3.15,100,100000,True,True,False,False,False,False,False,True,True,True,False,False,True,False,False,False,False,False,False,False,True,False,False,False,False,False,False,True,False,True,Unspecified,Unspecified,🇯🇵 YouTube Unique Views - 𝐉𝐚𝐩𝐚𝐧 [RAV™ - Real & Active Views]
2603,YouTube,view,3.15,100,100000,True,True,False,False,False,False,False,True,True,True,False,False,True,False,False,False,False,False,False,False,True,False,False,False,False,False,False,True,False,True,Unspecified,Unspecified,🇷🇴 YouTube Unique Views - 𝐑𝐨𝐦𝐚𝐧𝐢𝐚 [RAV™ - Real & Active Views]
2606,YouTube,view,3.15,100,100000,True,True,False,False,False,False,False,True,True,True,False,False,True,False,False,False,False,False,False,False,True,False,False,False,False,False,False,True,False,True,Unspecified,Unspecified,🇿🇦 YouTube Unique Views - 𝐒𝐨𝐮𝐭𝐡 𝐀𝐟𝐫𝐢𝐜𝐚 [RAV™ - Real & Active Views]
2607,YouTube,view,3.15,100,100000,True,True,False,False,False,False,False,True,True,True,False,False,True,False,False,False,False,False,False,False,True,False,False,False,False,False,False,True,False,True,Unspecified,Unspecified,🇲🇦 YouTube Unique Views - 𝐌𝐨𝐫𝐨𝐜𝐜𝐨 [RAV™ - Real & Active Views]
2608,YouTube,view,3.15,100,100000,True,True,False,False,False,False,False,True,True,True,False,False,True,False,False,False,False,False,False,False,True,False,False,False,False,False,False,True,False,True,Unspecified,Unspecified,🇨🇴 YouTube Unique Views - 𝐂𝐨𝐥𝐨𝐦𝐛𝐢𝐚 [RAV™ - Real & Active Views]
2609,YouTube,view,3.15,100,100000,True,True,False,False,False,False,False,True,True,True,False,False,True,False,False,False,False,False,False,False,True,False,False,False,False,False,False,True,False,True,Unspecified,Unspecified,🇵🇭 YouTube Unique Views - 𝐏𝐡𝐢𝐥𝐢𝐩𝐩𝐢𝐧𝐞𝐬 [RAV™ - Real & Active Views]
2610,YouTube,view,3.15,100,100000,True,True,False,False,False,False,False,True,True,True,False,False,True,False,False,False,False,False,False,False,True,False,False,False,False,False,False,True,False,True,Unspecified,Unspecified,🇪🇨 YouTube Unique Views - 𝐄𝐜𝐮𝐚𝐝𝐨𝐫 [RAV™ - Real & Active Views]
2611,YouTube,view,3.15,100,100000,True,True,False,False,False,False,False,True,True,True,False,False,True,False,False,False,False,False,False,False,True,False,False,False,False,False,False,True,False,True,Unspecified,Unspecified,🇹🇳 YouTube Unique Views - 𝐓𝐮𝐧𝐢𝐬𝐢𝐚 [RAV™ - Real & Active Views]
2612,YouTube,view,3.15,100,100000,True,True,False,False,False,False,False,True,True,True,False,False,True,False,False,False,False,False,False,False,True,False,False,False,False,False,False,True,False,True,Unspecified,Unspecified,🇸🇦 YouTube Unique Views - 𝐒𝐚𝐮𝐝𝐢 𝐀𝐫𝐚𝐛𝐢𝐚 [RAV™ - Real & Active Views]
2613,YouTube,view,3.15,100,100000,True,True,False,False,False,False,False,True,True,True,False,False,True,False,False,False,False,False,False,False,True,False,False,False,False,False,False,True,False,True,Unspecified,Unspecified,🇭🇷 YouTube Unique Views - 𝐂𝐫𝐨𝐚𝐭𝐢𝐚 [RAV™ - Real & Active Views]
2615,YouTube,view,3.15,100,100000,True,True,False,False,False,False,False,True,True,True,False,False,True,False,False,False,False,False,False,False,True,False,False,False,False,False,False,True,False,True,Unspecified,Unspecified,🇻🇪 YouTube Unique Views - 𝐕𝐞𝐧𝐞𝐳𝐮𝐞𝐥𝐚 [RAV™ - Real & Active Views]
2642,YouTube,view,3.15,100,100000,True,True,False,False,False,False,False,True,True,True,False,False,True,False,False,False,False,False,False,False,True,False,False,False,False,False,False,True,False,True,Unspecified,Unspecified,🇮🇹 YouTube Unique Views - 𝐈𝐭𝐚𝐥𝐲 [RAV™ - Real & Active Views]
2674,YouTube,view,3.15,100,100000,True,True,False,False,False,False,False,True,True,True,False,False,True,False,False,False,False,False,False,False,True,False,False,False,False,False,False,True,False,True,Unspecified,Unspecified,🇱🇧 YouTube Unique Views - 𝐋𝐞𝐛𝐚𝐧𝐨𝐧 [RAV™ - Real & Active Views]
2671,YouTube,view,3.15,100,100000,True,True,False,False,False,False,False,True,True,True,False,False,True,False,False,False,False,False,False,False,True,False,False,False,False,False,False,True,False,True,Unspecified,Unspecified,🇵🇰 YouTube Unique Views - 𝐏𝐚𝐤𝐢𝐬𝐭𝐚𝐧 [RAV™ - Real & Active Views]
2598,YouTube,view,3.15,100,100000,True,True,False,False,False,False,False,True,True,True,False,False,True,False,False,False,False,False,False,False,True,False,False,False,False,False,False,True,False,True,Unspecified,Unspecified,🇫🇷 YouTube Unique Views - 𝐅𝐫𝐚𝐧𝐜𝐞 [RAV™ - Real & Active Views]
2672,YouTube,view,3.15,100,100000,True,True,False,False,False,False,False,True,True,True,False,False,True,False,False,False,False,False,False,False,True,False,False,False,False,False,False,True,False,True,Unspecified,Unspecified,🇳🇵 YouTube Unique Views - 𝐍𝐞𝐩𝐚𝐥 [RAV™ - Real & Active Views]
2673,YouTube,view,3.15,100,100000,True,True,False,False,False,False,False,True,True,True,False,False,True,False,False,False,False,False,False,False,True,False,False,False,False,False,False,True,False,True,Unspecified,Unspecified,🇲🇽 YouTube Unique Views - 𝐌𝐞𝐱𝐢𝐜𝐨 [RAV™ - Real & Active Views]
2675,YouTube,view,3.15,100,100000,True,True,False,False,False,False,False,True,True,True,False,False,True,False,False,False,False,False,False,False,True,False,False,False,False,False,False,True,False,True,Unspecified,Unspecified,🇩🇿 YouTube Unique Views - 𝐀𝐥𝐠𝐞𝐫𝐢𝐚 [RAV™ - Real & Active Views]
2767,YouTube,view,3.15,100,100000,True,True,False,False,False,False,False,True,True,True,False,False,True,False,False,False,False,False,False,False,True,False,False,False,False,False,False,True,False,True,Unspecified,Unspecified,🇧🇬 YouTube Unique Views - 𝐁𝐮𝐥𝐠𝐚𝐫𝐢𝐚 [RAV™ - Real & Active Views]
2768,YouTube,view,3.15,100,100000,True,True,False,False,False,False,False,True,True,True,False,False,True,False,False,False,False,False,False,False,True,False,False,False,False,False,False,True,False,True,Unspecified,Unspecified,🇨🇦 YouTube Unique Views - 𝐂𝐚𝐧𝐚𝐝𝐚 [RAV™ - Real & Active Views]
2769,YouTube,view,3.15,100,100000,True,True,False,False,False,False,False,True,True,True,False,False,True,False,False,False,False,False,False,False,True,False,False,False,False,False,False,True,False,True,Unspecified,Unspecified,🇩🇪 YouTube Unique Views - 𝐆𝐞𝐫𝐦𝐚𝐧𝐲 [RAV™ - Real & Active Views]
2771,YouTube,view,3.15,100,100000,True,True,False,False,False,False,False,True,True,True,False,False,True,False,False,False,False,False,False,False,True,False,False,False,False,False,False,True,False,True,Unspecified,Unspecified,🇳🇱 YouTube Unique Views - 𝐍𝐞𝐭𝐡𝐞𝐫𝐥𝐚𝐧𝐝𝐬 [RAV™ - Real & Active Views]
2770,YouTube,view,3.15,100,100000,True,True,False,False,False,False,False,True,True,True,False,False,True,False,False,False,False,False,False,False,True,False,False,False,False,False,False,True,False,True,Unspecified,Unspecified,🇬🇷 YouTube Unique Views - 𝐆𝐫𝐞𝐞𝐜𝐞 [RAV™ - Real & Active Views]
2772,YouTube,view,3.15,100,100000,True,True,False,False,False,False,False,True,True,True,False,False,True,False,False,False,False,False,False,False,True,False,False,False,False,False,False,True,False,True,Unspecified,Unspecified,🇷🇺 YouTube Unique Views - 𝐑𝐮𝐬𝐬𝐢𝐚 [RAV™ - Real & Active Views]
2773,YouTube,view,3.15,100,100000,True,True,False,False,False,False,False,True,True,True,False,False,True,False,False,False,False,False,False,False,True,False,False,False,False,False,False,True,False,True,Unspecified,Unspecified,🇪🇸 YouTube Unique Views - 𝐒𝐩𝐚𝐢𝐧 [RAV™ - Real & Active Views]
2776,YouTube,view,3.15,100,100000,True,True,False,False,False,False,False,True,True,True,False,False,True,False,False,False,False,False,False,False,True,False,False,False,False,False,False,True,False,True,Unspecified,Unspecified,🇵🇱 YouTube Unique Views - 𝐏𝐨𝐥𝐚𝐧𝐝 [RAV™ - Real & Active Views]
2777,YouTube,view,3.15,100,100000,True,True,False,False,False,False,False,True,True,True,False,False,True,False,False,False,False,False,False,False,True,False,False,False,False,False,False,True,False,True,Unspecified,Unspecified,🇹🇭 YouTube Unique Views - 𝐓𝐡𝐚𝐢𝐥𝐚𝐧𝐝 [RAV™ - Real & Active Views]
2778,YouTube,view,3.15,100,100000,True,True,False,False,False,False,False,True,True,True,False,False,True,False,False,False,False,False,False,False,True,False,False,False,False,False,False,True,False,True,Unspecified,Unspecified,🇲🇰 YouTube Unique Views - 𝐍𝐨𝐫𝐭𝐡 𝐌𝐚𝐜𝐞𝐝𝐨𝐧𝐢𝐚 [RAV™ - Real & Active Views]
2779,YouTube,view,3.15,100,100000,True,True,False,False,False,False,False,True,True,True,False,False,True,False,False,False,False,False,False,False,True,False,False,False,False,False,False,True,False,True,Unspecified,Unspecified,🇸🇪 YouTube Unique Views - 𝐒𝐰𝐞𝐝𝐞𝐧 [RAV™ - Real & Active Views]
2524,YouTube,ads view,2.62,1000,500000,False,True,False,False,False,False,False,True,True,True,False,False,True,False,False,False,False,False,False,False,True,False,False,False,False,False,False,True,False,True,Unspecified,Unspecified,🇺🇸 YouTube Unique Views - 𝐔𝐒𝐀 [EAV™ - Embedded Ads Views]
2565,YouTube,ads view,2.62,1000,500000,False,True,False,False,False,False,False,True,True,True,False,False,True,False,False,False,False,False,False,False,True,False,False,False,True,True,False,True,False,True,Unspecified,Unspecified,🇰🇷 YouTube Unique Views - 𝐒𝐨𝐮𝐭𝐡 𝐊𝐨𝐫𝐞𝐚 [EAV™ - Embedded Ads Views]
2526,YouTube,ads view,2.62,1000,500000,False,True,False,False,False,False,False,True,True,True,False,False,True,False,False,False,False,False,False,False,True,False,False,False,False,False,False,True,False,True,Unspecified,Unspecified,🇹🇷 YouTube Unique Views - 𝐓𝐮𝐫𝐤𝐞𝐲 [EAV™ - Embedded Ads Views]
2627,YouTube,ads view,2.62,1000,500000,False,True,False,False,False,False,False,True,True,True,False,False,True,False,False,False,False,False,False,False,True,False,False,False,False,False,False,True,False,True,Unspecified,Unspecified,🇮🇩 YouTube Unique Views - 𝐈𝐧𝐝𝐨𝐧𝐞𝐬𝐢𝐚 [EAV™ - Embedded Ads Views]
2618,YouTube,ads view,2.62,1000,500000,False,True,False,False,False,False,False,True,True,True,False,False,True,False,False,False,False,False,False,False,True,False,False,False,False,False,False,True,False,True,Unspecified,Unspecified,🇯🇵 YouTube Unique Views - 𝐉𝐚𝐩𝐚𝐧 [EAV™ - Embedded Ads Views]
2525,YouTube,ads view,2.62,1000,500000,False,True,False,False,False,False,False,True,True,True,False,False,True,False,False,False,False,False,False,False,True,False,False,False,False,False,False,True,False,True,Unspecified,Unspecified,🇬🇧 YouTube Unique Views - 𝐔𝐊 [EAV™ - Embedded Ads Views]
2619,YouTube,ads view,2.62,1000,500000,False,True,False,False,False,False,False,True,True,True,False,False,True,False,False,False,False,False,False,False,True,False,False,False,False,False,False,True,False,True,Unspecified,Unspecified,🇷🇸 YouTube Unique Views - 𝐒𝐞𝐫𝐛𝐢𝐚 [EAV™ - Embedded Ads Views]
2620,YouTube,ads view,2.62,1000,500000,False,True,False,False,False,False,False,True,True,True,False,False,True,False,False,False,False,False,False,False,True,False,False,False,False,False,False,True,False,True,Unspecified,Unspecified,🇦🇪 YouTube Unique Views - 𝐔𝐀𝐄 [EAV™ - Embedded Ads Views]
2621,YouTube,ads view,2.62,1000,500000,False,True,False,False,False,False,False,True,True,True,False,False,True,False,False,False,False,False,False,False,True,False,False,False,False,False,False,True,False,True,Unspecified,Unspecified,🇦🇷 YouTube Unique Views - 𝐀𝐫𝐠𝐞𝐧𝐭𝐢𝐧𝐚 [EAV™ - Embedded Ads Views]
2622,YouTube,ads view,2.62,1000,500000,False,True,False,False,False,False,False,True,True,True,False,False,True,False,False,False,False,False,False,False,True,False,False,False,False,False,False,True,False,True,Unspecified,Unspecified,🇧🇩 YouTube Unique Views - 𝐁𝐚𝐧𝐠𝐥𝐚𝐝𝐞𝐬𝐡 [EAV™ - Embedded Ads Views]
2625,YouTube,ads view,2.62,1000,500000,False,True,False,False,False,False,False,True,True,True,False,False,True,False,False,False,False,False,False,False,True,False,False,False,False,False,False,True,False,True,Unspecified,Unspecified,🇧🇷 YouTube Unique Views - 𝐁𝐫𝐚𝐳𝐢𝐥 [EAV™ - Embedded Ads Views]
2624,YouTube,ads view,2.62,1000,500000,False,True,False,False,False,False,False,True,True,True,False,False,True,False,False,False,False,False,False,False,True,False,False,False,False,False,False,True,False,True,Unspecified,Unspecified,🇫🇷 YouTube Unique Views - 𝐅𝐫𝐚𝐧𝐜𝐞 [EAV™ - Embedded Ads Views]
2623,YouTube,ads view,2.62,1000,500000,False,True,False,False,False,False,False,True,True,True,False,False,True,False,False,False,False,False,False,False,True,False,False,False,False,False,False,True,False,True,Unspecified,Unspecified,🇪🇬 YouTube Unique Views - 𝐄𝐠𝐲𝐩𝐭 [EAV™ - Embedded Ads Views]
2626,YouTube,ads view,2.62,1000,500000,False,True,False,False,False,False,False,True,True,True,False,False,True,False,False,False,False,False,False,False,True,False,False,False,False,False,False,True,False,True,Unspecified,Unspecified,🇮🇳 YouTube Unique Views - 𝐈𝐧𝐝𝐢𝐚 [EAV™ - Embedded Ads Views]
2631,YouTube,ads view,2.62,1000,500000,False,True,False,False,False,False,False,True,True,True,False,False,True,False,False,False,False,False,False,False,True,False,False,False,False,False,False,True,False,True,Unspecified,Unspecified,🇻🇳 YouTube Unique Views - 𝐕𝐢𝐞𝐭 𝐍𝐚𝐦 [EAV™ - Embedded Ads Views]
2630,YouTube,ads view,2.62,1000,500000,False,True,False,False,False,False,False,True,True,True,False,False,True,False,False,False,False,False,False,False,True,False,False,False,False,False,False,True,False,True,Unspecified,Unspecified,🇷🇴 YouTube Unique Views - 𝐑𝐨𝐦𝐚𝐧𝐢𝐚 [EAV™ - Embedded Ads Views]
2629,YouTube,ads view,2.62,1000,500000,False,True,False,False,False,False,False,True,True,True,False,False,True,False,False,False,False,False,False,False,True,False,False,False,False,False,False,True,False,True,Unspecified,Unspecified,🇿🇦 YouTube Unique Views - 𝐒𝐨𝐮𝐭𝐡 𝐀𝐟𝐫𝐢𝐜𝐚 [EAV™ - Embedded Ads Views]
2628,YouTube,ads view,2.62,1000,500000,False,True,False,False,False,False,False,True,True,True,False,False,True,False,False,False,False,False,False,False,True,False,False,False,False,False,False,True,False,True,Unspecified,Unspecified,🇲🇦 YouTube Unique Views - 𝐌𝐨𝐫𝐨𝐜𝐜𝐨 [EAV™ - Embedded Ads Views]
2632,YouTube,ads view,2.62,1000,500000,False,True,False,False,False,False,False,True,True,True,False,False,True,False,False,False,False,False,False,False,True,False,False,False,False,False,False,True,False,True,Unspecified,Unspecified,🇨🇴 YouTube Unique Views - 𝐂𝐨𝐥𝐨𝐦𝐛𝐢𝐚 [EAV™ - Embedded Ads Views]
2633,YouTube,ads view,2.62,1000,500000,False,True,False,False,False,False,False,True,True,True,False,False,True,False,False,False,False,False,False,False,True,False,False,False,False,False,False,True,False,True,Unspecified,Unspecified,🇵🇭 YouTube Unique Views - 𝐏𝐡𝐢𝐥𝐢𝐩𝐩𝐢𝐧𝐞𝐬 [EAV™ - Embedded Ads Views]
2634,YouTube,ads view,2.62,1000,500000,False,True,False,False,False,False,False,True,True,True,False,False,True,False,False,False,False,False,False,False,True,False,False,False,False,False,False,True,False,True,Unspecified,Unspecified,🇪🇨 YouTube Unique Views - 𝐄𝐜𝐮𝐚𝐝𝐨𝐫 [EAV™ - Embedded Ads Views]
2635,YouTube,ads view,2.62,1000,500000,False,True,False,False,False,False,False,True,True,True,False,False,True,False,False,False,False,False,False,False,True,False,False,False,False,False,False,True,False,True,Unspecified,Unspecified,🇹🇳 YouTube Unique Views - 𝐓𝐮𝐧𝐢𝐬𝐢𝐚 [EAV™ - Embedded Ads Views]
2636,YouTube,ads view,2.62,1000,500000,False,True,False,False,False,False,False,True,True,True,False,False,True,False,False,False,False,False,False,False,True,False,False,False,False,False,False,True,False,True,Unspecified,Unspecified,🇭🇷 YouTube Unique Views - 𝐂𝐫𝐨𝐚𝐭𝐢𝐚 [EAV™ - Embedded Ads Views]
2638,YouTube,ads view,2.62,1000,500000,False,True,False,False,False,False,False,True,True,True,False,False,True,False,False,False,False,False,False,False,True,False,False,False,False,False,False,True,False,True,Unspecified,Unspecified,🇻🇪 YouTube Unique Views - 𝐕𝐞𝐧𝐞𝐳𝐮𝐞𝐥𝐚 [EAV™ - Embedded Ads Views]
2641,YouTube,ads view,2.62,1000,500000,False,True,False,False,False,False,False,True,True,True,False,False,True,False,False,False,False,False,False,False,True,False,False,False,False,False,False,True,False,True,Unspecified,Unspecified,🇮🇹 YouTube Unique Views - 𝐈𝐭𝐚𝐥𝐲 [EAV™ - Embedded Ads Views]
2846,YouTube,view,2.9,100,100000,True,True,False,False,False,False,False,True,True,True,False,False,True,False,False,False,False,False,False,False,True,False,False,False,False,False,False,True,False,True,Unspecified,Unspecified,YouTube AUTO Unique Views [RAV™ - Real & Active Views] + Engagements
2847,YouTube,view,2.15,1000,100000,True,True,False,False,False,False,False,False,False,True,False,False,True,False,False,False,False,False,False,False,True,False,False,False,False,False,False,True,False,True,Unspecified,Unspecified,YouTube AUTO Unique Views [EAV™ - Real & Active Views] + Engagements
2800,YouTube,view,3.25,1000,100000,True,True,False,False,False,False,False,False,False,True,False,True,True,False,False,False,False,False,False,False,True,False,False,False,False,False,True,False,False,False,Unspecified,Unspecified,♛🔥 YouTube Live Views
2801,YouTube,premiere wait,3.25,1000,100000,True,True,False,False,False,False,False,False,False,True,False,True,True,False,False,False,False,False,False,False,True,False,False,False,False,False,True,False,False,False,Unspecified,Unspecified,♛🔥 YouTube Pre-Premiere Waitings
2660,YouTube,like,4.2,20,10000,False,False,False,False,False,False,False,True,False,False,False,False,True,False,False,False,False,True,False,False,False,False,False,False,False,False,False,True,False,True,Unspecified,Unspecified,🔥 YouTube Likes [HQ - Max 10K]
2856,YouTube,like,5.5,50,50000,False,False,False,False,False,False,False,False,False,False,False,False,True,False,False,False,False,True,False,False,False,False,False,False,False,False,False,True,False,True,Unspecified,Unspecified,🔥 YouTube Likes [HQ - Max 50K]
2787,YouTube,like,8.0,50,15000,False,False,False,False,False,False,False,True,False,False,False,False,True,False,False,False,False,True,False,False,False,False,False,False,False,False,False,True,False,True,Unspecified,Unspecified,🔥 YouTube Likes [HQ - Max 15K]
2487,YouTube,like,16.0,100,5000,False,False,False,False,False,False,False,True,False,False,False,False,True,False,False,False,False,True,False,False,False,False,False,False,False,False,False,True,False,False,Unspecified,Unspecified,🔥 YouTube Likes [HQ - Max 5K]
2823,YouTube,like,3.0,100,3000,False,False,False,False,False,False,False,False,False,False,False,True,True,False,False,False,False,True,False,False,False,True,False,False,False,False,False,True,False,True,Unspecified,Unspecified,YouTube Likes [HQ - Max 3K]
2804,YouTube,like,3.5,20,80000,False,False,False,False,False,False,False,False,False,False,False,True,True,False,False,False,False,True,False,False,False,True,False,False,False,False,False,True,True,True,Unspecified,Unspecified,YouTube Likes [HQ - Max 80K]
1287,YouTube,like,7.9,5,5000,False,False,False,False,False,False,False,False,False,False,False,False,True,False,False,False,False,True,False,False,False,False,False,False,False,False,False,True,False,False,Unspecified,Unspecified,YouTube Likes [HQ - Max 5K]
890,YouTube,like,15.0,5,1500,False,True,False,False,False,False,False,True,False,False,False,False,True,False,False,False,False,False,False,False,False,False,False,False,True,False,False,True,False,False,USA,Unspecified,YouTube Likes [USA - Max 10K]
2677,YouTube,like,7.8,20,5000,False,False,False,False,False,False,False,False,False,False,False,True,True,False,False,False,False,True,False,False,False,False,False,False,False,False,False,True,False,False,Unspecified,Unspecified,YouTube Dislikes [HQ - Max 5K]
1678,YouTube,like,8.5,5,2000,False,False,False,False,False,False,False,False,False,False,False,False,True,False,False,False,False,True,False,False,False,False,False,False,False,False,False,True,False,True,Unspecified,Unspecified,YouTube Dislikes [HQ - Max 2K]
2676,YouTube,like,9.0,50,5000,False,True,False,False,False,False,False,False,False,False,False,False,True,False,False,False,False,False,False,False,False,False,False,False,False,False,False,True,False,True,Unspecified,Unspecified,YouTube Dislikes [Real - Max 5K]
263,YouTube,like,7.2,10,50000,False,False,False,False,False,False,False,False,False,False,False,True,True,False,False,False,False,False,False,False,False,False,False,False,False,False,False,False,False,False,Unspecified,Unspecified,YouTube Comment Likes [UPVOTES]
435,YouTube,like,8.0,10,500000,False,False,False,False,False,False,False,False,False,False,False,True,True,False,False,False,False,False,False,False,False,False,False,False,False,False,False,False,False,False,Unspecified,Unspecified,YouTube Comment Dislikes [DOWNVOTES]
2806,YouTube,comment,15.0,10,5000,False,False,False,False,False,False,False,False,False,False,True,True,True,False,False,False,False,True,False,False,False,True,False,False,False,True,False,False,True,False,Unspecified,Unspecified,YouTube Custom Comments [HQ - WorldWide]
2836,YouTube,comment,85.0,10,10000,False,True,False,False,False,False,False,False,False,False,True,False,False,False,False,False,False,False,False,False,False,False,False,False,False,True,False,False,True,False,Unspecified,Unspecified,YouTube Custom Comments [Real - WorldWide]
2837,YouTube,comment,50.0,10,500,False,False,False,False,False,False,False,False,False,True,False,False,False,False,False,False,False,False,False,False,False,False,False,False,False,False,False,False,False,False,USA,Unspecified,YouTube Random Comments [USA]
2471,YouTube,comment,60.0,10,500,False,False,False,False,False,False,False,False,False,False,True,True,True,False,False,False,False,False,False,False,False,True,False,False,False,True,False,False,True,False,USA,Unspecified,YouTube Custom Comments [USA]
2556,YouTube,comment,60.0,10,100,False,False,False,False,False,False,False,False,False,False,True,True,True,False,False,False,False,False,False,False,False,True,False,False,False,True,False,False,True,False,Japan,Unspecified,YouTube Custom Comments [JAPAN]
2864,YouTube,subscriber,15.0,10,50000,False,True,False,False,False,False,False,False,False,False,False,False,True,False,False,False,False,False,False,False,False,False,False,False,False,False,False,True,True,False,Unspecified,Unspecified,♛ YouTube Subscribers [Real - Max 50K] [30 Days Refill]
663,YouTube,subscriber,19.0,5,1500,False,False,False,False,False,False,False,True,False,False,False,False,True,False,False,False,False,True,False,False,False,False,False,False,False,False,False,True,True,False,USA,Unspecified,♛ YouTube Subscribers [USA - Max 70K] [30 Days Refill]
2563,YouTube,subscriber,26.0,100,100000,False,False,False,False,False,False,False,False,False,False,False,True,True,False,False,False,False,True,False,False,False,True,False,False,False,False,False,True,False,True,Unspecified,Unspecified,♛ YouTube Subscribers [HQ - Max 100K] [No Refill]
2481,YouTube,subscriber,39.0,100,500000,False,False,False,False,False,False,False,True,False,False,False,False,True,False,False,False,False,True,False,False,False,False,False,False,True,False,False,True,True,True,Unspecified,Unspecified,♛ YouTube Subscribers [HQ - Max 500K] [60 Days Refill]
798,YouTube,subscriber,45.0,20,500,False,True,False,False,False,False,False,True,False,False,False,False,True,False,False,False,False,False,False,False,False,False,False,False,False,False,False,True,True,False,Unspecified,Unspecified,♛ YouTube Subscribers [Real - Max 3K] [90 Days Refill]
1765,YouTube,share,1.72,50,10000,False,False,True,False,False,False,False,False,False,False,False,False,False,False,False,False,False,False,False,False,True,False,False,False,False,False,False,False,False,False,Unspecified,Unspecified,♛ YouTube Social Shares [ ~𝟓𝟎 𝐏𝐞𝐫 𝐃𝐚𝐲 ]
1766,YouTube,share,1.72,100,10000,False,False,True,False,False,False,False,False,False,False,False,False,False,False,False,False,False,False,False,False,True,False,False,False,False,False,False,False,False,False,Unspecified,Unspecified,♛ YouTube Social Shares [ ~𝟏𝟎𝟎 𝐏𝐞𝐫 𝐃𝐚𝐲 ]
312,YouTube,share,1.72,100,10000,False,False,True,False,False,False,False,False,False,False,False,False,False,False,False,False,False,False,False,False,True,False,False,False,False,False,False,False,False,False,Unspecified,Unspecified,♛ YouTube Social Shares [ ~𝟐𝟓𝟎 𝐏𝐞𝐫 𝐃𝐚𝐲 ]
313,YouTube,share,1.72,500,75000,False,False,True,False,False,False,False,False,False,False,False,False,False,False,False,False,False,False,False,False,True,False,False,False,False,False,False,False,False,False,Unspecified,Unspecified,♛ YouTube Social Shares [ ~𝟕𝟓𝟎 𝐏𝐞𝐫 𝐃𝐚𝐲 ]
314,YouTube,share,1.72,500,150000,False,False,True,False,False,False,False,False,False,False,False,False,False,False,False,False,False,False,False,False,True,False,False,False,False,False,False,False,False,False,Unspecified,Unspecified,♛ YouTube Social Shares [ ~𝟏𝟓𝟎𝟎 𝐏𝐞𝐫 𝐃𝐚𝐲 ]
441,YouTube,share,1.72,1000,250000,False,False,True,False,False,False,False,False,False,False,False,False,False,False,False,False,False,False,False,False,True,False,False,False,False,False,False,False,False,False,Unspecified,Unspecified,♛ YouTube Social Shares [ ~𝟑𝟎𝟎𝟎 𝐏𝐞𝐫 𝐃𝐚𝐲 ]
745,YouTube,share,2.1,50,200000,False,False,True,False,False,False,False,True,True,False,False,False,False,False,False,False,False,False,False,False,True,False,False,False,False,False,False,True,False,True,Unspecified,Unspecified,🇰🇷 YouTube Social Shares [ 𝐒𝐨𝐮𝐭𝐡 𝐊𝐨𝐫𝐞𝐚 ]
743,YouTube,share,2.1,50,200000,False,False,True,False,False,False,False,True,True,False,False,False,False,False,False,False,False,False,False,False,True,False,False,False,False,False,False,True,False,True,Unspecified,Unspecified,🇮🇩 YouTube Social Shares [ 𝐈𝐧𝐝𝐨𝐧𝐞𝐬𝐢𝐚 ]
865,YouTube,share,2.1,50,200000,False,False,True,False,False,False,False,True,True,False,False,False,False,False,False,False,False,False,False,False,True,False,False,False,False,False,False,True,False,True,Unspecified,Unspecified,🇬🇧 YouTube Social Shares [ 𝐔𝐊 ]
740,YouTube,share,2.1,50,200000,False,False,True,False,False,False,False,True,True,False,False,False,False,False,False,False,False,False,False,False,True,False,False,False,False,False,False,True,False,True,Unspecified,Unspecified,🇮🇳 YouTube Social Shares [ 𝐈𝐧𝐝𝐢𝐚 ]
752,YouTube,share,2.1,50,200000,False,False,True,False,False,False,False,True,True,False,False,False,False,False,False,False,False,False,False,False,True,False,False,False,False,False,False,True,False,True,Unspecified,Unspecified,🇵🇱 YouTube Social Shares [ 𝐏𝐨𝐥𝐚𝐧𝐝 ]
863,YouTube,share,2.1,50,200000,False,False,True,False,False,False,False,True,True,False,False,False,False,False,False,False,False,False,False,False,True,False,False,False,False,False,False,True,False,True,Unspecified,Unspecified,🇩🇪 YouTube Social Shares [ 𝐆𝐞𝐫𝐦𝐚𝐧𝐲 ]
741,YouTube,share,2.1,50,200000,False,False,True,False,False,False,False,True,True,False,False,False,False,False,False,False,False,False,False,False,True,False,False,False,False,False,False,True,False,True,Unspecified,Unspecified,🇧🇷 YouTube Social Shares [ 𝐁𝐫𝐚𝐳𝐢𝐥 ]
744,YouTube,share,2.1,50,200000,False,False,True,False,False,False,False,True,True,False,False,False,False,False,False,False,False,False,False,False,True,False,False,False,False,False,False,True,False,True,Unspecified,Unspecified,🇺🇦 YouTube Social Shares [ 𝐔𝐤𝐫𝐚𝐢𝐧𝐞 ]
747,YouTube,share,2.1,50,200000,False,False,True,False,False,False,False,True,True,False,False,False,False,False,False,False,False,False,False,False,True,False,False,False,False,False,False,True,False,True,Unspecified,Unspecified,🇷🇺 YouTube Social Shares [ 𝐑𝐮𝐬𝐬𝐢𝐚 ]
746,YouTube,share,2.1,50,200000,False,False,True,False,False,False,False,True,True,False,False,False,False,False,False,False,False,False,False,False,True,False,False,False,False,False,False,True,False,True,Unspecified,Unspecified,🇻🇳 YouTube Social Shares [ 𝐕𝐢𝐞𝐭𝐧𝐚𝐦 ]
750,YouTube,share,2.1,50,200000,False,False,True,False,False,False,False,True,True,False,False,False,False,False,False,False,False,False,False,False,True,False,False,False,False,False,False,True,False,True,Unspecified,Unspecified,🇭🇺 YouTube Social Shares [ 𝐇𝐮𝐧𝐠𝐚𝐫𝐲 ]
751,YouTube,share,2.1,50,200000,False,False,True,False,False,False,False,True,True,False,False,False,False,False,False,False,False,False,False,False,True,False,False,False,False,False,False,True,False,True,Unspecified,Unspecified,🇦🇷 YouTube Social Shares [ 𝐀𝐫𝐠𝐞𝐧𝐭𝐢𝐧𝐚 ]
754,YouTube,share,2.1,50,200000,False,False,True,False,False,False,False,True,True,False,False,False,False,False,False,False,False,False,False,False,True,False,False,False,False,False,False,True,False,True,Unspecified,Unspecified,🇲🇽 YouTube Social Shares [ 𝐌𝐞𝐱𝐢𝐜𝐨 ]
748,YouTube,share,2.1,50,200000,False,False,True,False,False,False,False,True,True,False,False,False,False,False,False,False,False,False,False,False,True,False,False,False,False,False,False,True,False,True,Unspecified,Unspecified,🇧🇩 YouTube Social Shares [ 𝐁𝐚𝐧𝐠𝐥𝐚𝐝𝐞𝐬𝐡 ]
753,YouTube,share,2.1,50,200000,False,False,True,False,False,False,False,True,True,False,False,False,False,False,False,False,False,False,False,False,True,False,False,False,False,False,False,True,False,True,Unspecified,Unspecified,🇹🇭 YouTube Social Shares [ 𝐓𝐡𝐚𝐢𝐥𝐚𝐧𝐝 ]
852,YouTube,share,2.1,50,200000,False,False,True,False,False,False,False,True,True,False,False,False,False,False,False,False,False,False,False,False,True,False,False,False,False,False,False,True,False,True,Unspecified,Unspecified,🇹🇷 YouTube Social Shares [ 𝐓𝐮𝐫𝐤𝐞𝐲 ]
853,YouTube,share,2.1,50,200000,False,False,True,False,False,False,False,True,True,False,False,False,False,False,False,False,False,False,False,False,True,False,False,False,False,False,False,True,False,True,Unspecified,Unspecified,🇻🇪 YouTube Social Shares [ 𝐕𝐞𝐧𝐞𝐳𝐮𝐞𝐥𝐚 ]
854,YouTube,share,2.1,50,200000,False,False,True,False,False,False,False,True,True,False,False,False,False,False,False,False,False,False,False,False,True,False,False,False,False,False,False,True,False,True,Unspecified,Unspecified,🇹🇼 YouTube Social Shares [ 𝐓𝐚𝐢𝐰𝐚𝐧 ]
857,YouTube,share,2.1,50,200000,False,False,True,False,False,False,False,True,True,False,False,False,False,False,False,False,False,False,False,False,True,False,False,False,False,False,False,True,False,True,Unspecified,Unspecified,🇯🇵 YouTube Social Shares [ 𝐉𝐚𝐩𝐚𝐧 ]
855,YouTube,share,2.1,50,200000,False,False,True,False,False,False,False,True,True,False,False,False,False,False,False,False,False,False,False,False,True,False,False,False,False,False,False,True,False,True,Unspecified,Unspecified,🇨🇴 YouTube Social Shares [ 𝐂𝐨𝐥𝐨𝐦𝐛𝐢𝐚 ]
856,YouTube,share,2.1,50,200000,False,False,True,False,False,False,False,True,True,False,False,False,False,False,False,False,False,False,False,False,True,False,False,False,False,False,False,True,False,True,Unspecified,Unspecified,🇲🇦 YouTube Social Shares [ 𝐌𝐨𝐫𝐨𝐜𝐜𝐨 ]
858,YouTube,share,2.1,50,200000,False,False,True,False,False,False,False,True,True,False,False,False,False,False,False,False,False,False,False,False,True,False,False,False,False,False,False,True,False,True,Unspecified,Unspecified,🇪🇨 YouTube Social Shares [ 𝐄𝐜𝐮𝐚𝐝𝐨𝐫 ]
859,YouTube,share,2.1,50,200000,False,False,True,False,False,False,False,True,True,False,False,False,False,False,False,False,False,False,False,False,True,False,False,False,False,False,False,True,False,True,Unspecified,Unspecified,🇵🇹 YouTube Social Shares [ 𝐏𝐨𝐫𝐭𝐮𝐠𝐚𝐥 ]
860,YouTube,share,2.1,50,200000,False,False,True,False,False,False,False,True,True,False,False,False,False,False,False,False,False,False,False,False,True,False,False,False,False,False,False,True,False,True,Unspecified,Unspecified,🇦🇪 YouTube Social Shares [ 𝐔𝐀𝐄 ]
864,YouTube,share,2.1,50,200000,False,False,True,False,False,False,False,True,True,False,False,False,False,False,False,False,False,False,False,False,True,False,False,False,False,False,False,True,False,True,Unspecified,Unspecified,🇪🇸 YouTube Social Shares [ 𝐒𝐩𝐚𝐢𝐧 ]
2835,Instagram,like,0.32,10,20000,False,False,False,False,False,False,False,False,False,False,False,True,True,False,False,False,False,False,False,False,False,True,False,False,False,True,False,False,False,False,Unspecified,Unspecified,🔥⚡⚡ Instagram Likes [Mixed - Max 20K]
2833,Instagram,like,0.22,10,15000,False,False,False,False,False,False,False,False,False,False,False,True,True,False,False,False,False,False,True,False,False,True,False,False,False,False,False,False,False,False,Unspecified,Unspecified,🔥⚡⚡ Instagram Likes [LQ - Max 15K]
2834,Instagram,like,0.29,10,10000,False,False,False,False,False,False,False,False,False,False,False,True,True,False,False,False,False,False,False,False,False,True,False,False,False,True,False,False,False,False,Unspecified,Unspecified,🔥⚡⚡ Instagram Likes [Mixed - Max 10K]
2781,Instagram,like,0.36,10,25000,False,False,False,False,False,False,False,False,False,False,False,True,True,False,False,False,False,False,False,False,False,True,False,False,False,True,False,False,False,False,Unspecified,Unspecified,🔥⚡⚡ Instagram Likes [Mixed - Max 25K]
2812,Instagram,like,0.59,10,80000,False,False,False,False,False,False,False,False,False,False,False,True,True,False,False,False,False,False,False,False,False,True,False,False,False,True,False,False,False,False,Unspecified,Unspecified,🔥⚡⚡ Instagram Likes [Mixed - Max 80K]
2814,Instagram,like,0.64,10,25000,False,False,False,False,False,False,False,False,False,False,False,False,True,False,False,False,False,False,False,False,False,False,False,False,False,True,False,True,False,True,Unspecified,Unspecified,🔥⚡⚡ Instagram Likes + Impressions + Profile Visits + Reach [Mixed - Max 25K]
2717,Instagram,like,0.75,20,5000,False,False,False,False,False,False,False,False,False,True,False,True,True,False,False,False,False,False,False,False,False,True,False,False,False,True,False,False,False,True,Unspecified,Unspecified,🔥⚡⚡ Instagram Likes + Impressions [Mixed - Max 5K]
2849,Instagram,like,0.85,20,40000,False,False,False,False,False,False,False,False,False,False,False,True,True,False,False,False,False,True,False,False,False,True,False,False,False,True,False,False,False,False,Unspecified,Unspecified,🔥⚡⚡ Instagram Likes [HQ - Max 40K]
2463,Instagram,like,1.15,10,350000,False,False,False,False,False,False,False,False,False,False,False,True,True,False,False,False,False,False,False,False,False,True,False,False,False,True,False,False,False,False,Unspecified,Unspecified,🔥⚡⚡ Instagram Likes [Mixed - Max 350K]
2586,Instagram,like,1.4,10,28000,False,False,False,False,False,False,False,False,False,False,False,False,True,False,False,False,False,True,False,False,False,False,False,False,False,True,False,True,False,False,Unspecified,Unspecified,🔥⚡⚡ Instagram Likes [HQ - Max 28K]
2576,Instagram,like,1.6,10,25000,False,False,False,False,False,False,False,False,False,False,False,False,True,False,False,False,False,True,False,False,False,False,False,False,False,True,False,True,False,False,Unspecified,Unspecified,🔥⚡⚡ Instagram Likes [HQ - Max 25K]
2561,Instagram,like,1.9,20,500000,False,False,False,False,False,False,False,False,False,False,False,False,True,False,False,False,False,True,False,False,False,False,False,False,False,True,False,True,False,False,Unspecified,Unspecified,🔥⚡⚡ Instagram Likes [HQ - Max 500K]
2614,Instagram,like,1.95,10,50000,False,False,False,False,False,False,False,False,False,False,False,False,True,False,False,False,False,True,False,False,False,False,False,False,False,True,False,True,False,False,Unspecified,Unspecified,🔥⚡⚡ Instagram Likes [HQ - Max 50K]
2723,Instagram,like,2.25,20,5000,False,False,False,False,False,False,False,False,False,False,False,False,True,False,True,True,False,True,False,False,False,False,False,False,True,True,False,True,True,True,USA,Unspecified,🔥⭐️🇺🇸 Instagram Likes [ HQ - USA Female ]
2528,Instagram,like,2.25,10,30000,False,False,False,False,False,False,False,False,False,False,False,False,True,False,False,False,False,True,False,False,False,False,False,False,False,True,False,True,False,False,Unspecified,Unspecified,🔥⚡⚡ Instagram Likes [HQ - Max 30K]
2536,Instagram,like,2.4,100,50000,False,False,False,False,False,False,False,False,False,False,False,True,True,False,False,False,False,True,False,False,False,True,False,False,False,True,False,False,False,False,Unspecified,Unspecified,🔥⚡⚡ Instagram Likes [HQ Mixed - Max 50K]
2570,Instagram,like,2.9,100,50000,False,False,False,False,False,False,False,False,False,False,False,False,True,False,False,False,False,True,False,False,False,False,False,False,False,True,False,True,False,True,Unspecified,Unspecified,🔥⚡⚡ Instagram Likes + Impressions [HQ - Max 50K]
2450,Instagram,like,2.65,50,40000,False,False,False,False,False,False,False,False,False,False,False,False,True,False,False,False,False,True,False,False,False,False,False,False,False,True,False,True,False,False,Unspecified,Unspecified,🔥⚡ Instagram Likes [HQ - Max 40K]
2402,Instagram,like,0.49,20,15000,False,False,False,False,False,False,False,False,False,False,False,True,True,False,False,False,False,False,False,False,False,True,False,False,False,True,False,False,False,False,Unspecified,Unspecified,🔥⚡ Instagram Likes [Mixed - Max 15K]
2817,Instagram,like,3.4,50,20000,False,True,False,False,False,False,False,True,True,False,False,False,False,False,False,False,False,False,False,False,False,False,False,False,False,True,False,False,False,False,Unspecified,Unspecified,🔥⚡⚡ Instagram Likes [Real - Max 20K] [NO-DROP]
2683,Instagram,like,1.8,20,7000,False,True,False,False,False,False,False,True,True,False,False,False,False,False,False,False,False,False,False,False,False,False,False,False,False,True,False,False,False,False,Unspecified,Unspecified,🔥⚡⚡ Instagram Likes [Real - Max 7K] [NO-DROP]
2809,Instagram,like,1.85,100,30000,False,True,False,False,False,False,False,True,True,False,False,False,False,False,False,False,False,False,False,False,False,False,False,False,False,True,False,False,False,False,Unspecified,Unspecified,🔥⚡⚡ Instagram Likes [Real - Max 10K] [NO-DROP]
2571,Instagram,like,3.2,20,80000,False,True,False,False,False,False,False,True,True,False,False,False,False,False,False,False,False,False,False,False,False,False,False,False,False,True,False,False,False,False,Unspecified,Unspecified,🔥⚡⚡ Instagram Likes [Real - Max 80K] [NO-DROP]
2813,Instagram,like,3.3,20,60000,False,True,False,False,False,False,False,True,True,False,False,False,False,False,False,False,False,False,False,False,False,False,False,False,False,True,False,False,False,False,Unspecified,Unspecified,🔥⚡⚡ Instagram Likes [Real - Max 40K] [NO-DROP]
2689,Instagram,like,2.6,10,15000,False,True,False,False,False,False,False,False,False,False,False,False,True,False,False,False,False,False,False,False,False,False,False,False,False,True,False,True,False,False,Unspecified,Unspecified,🔥⚡⚡ Instagram Likes [Real - Max 20K]
2802,Instagram,like,2.7,50,5000,False,True,False,False,False,False,False,False,False,False,False,False,True,False,False,False,False,False,False,False,False,False,False,False,False,True,False,True,False,False,Unspecified,Unspecified,🔥⚡⚡ Instagram Likes [Real - Max 5K]
2644,Instagram,like,3.35,20,15000,False,True,False,False,False,False,False,False,False,False,False,False,True,False,False,False,False,False,False,False,False,False,False,False,False,False,False,True,True,False,Unspecified,Unspecified,🔥⚡ Instagram Likes [Real - Max 15K]
2808,Instagram,like,1.88,50,5000,False,False,False,False,False,False,False,True,True,False,False,False,False,False,False,False,False,True,False,False,False,False,False,False,False,False,False,False,False,False,Unspecified,Unspecified,🔥⚡ Instagram Likes [HQ - Max 5K] [NO-DROP]
2820,Instagram,like,0.9,20,50000,False,True,False,False,False,False,False,True,True,False,False,False,False,False,False,False,False,True,False,False,False,False,False,False,False,False,False,False,False,False,Unspecified,Unspecified,🔥⚡ Instagram Likes [Real/HQ - Max 50K] [NO-DROP]
2855,Instagram,like,0.75,20,35000,False,False,False,False,False,False,False,True,True,False,False,False,False,False,False,False,False,True,False,False,False,False,False,False,False,False,False,False,False,False,Unspecified,Unspecified,🔥⚡ Instagram Likes [HQ - Max 35K] [NO-DROP]
2345,Instagram,like,1.65,50,50000,False,False,False,False,False,False,False,False,False,False,False,False,False,False,False,False,False,True,False,False,False,False,False,False,False,False,False,False,False,False,Unspecified,Unspecified,🔥⚡⚡ Instagram Auto Likes [S3] [HQ]
2448,Instagram,like,2.8,100,7000,False,True,False,False,False,False,False,False,False,False,False,False,False,False,False,False,False,True,False,False,False,False,False,False,False,False,False,False,False,False,Unspecified,Unspecified,🔥⚡⚡ Instagram Auto Likes [S10] [HQ/Real]
2662,Instagram,like,3.5,50,5000,False,True,False,False,False,False,False,False,False,False,False,False,False,False,False,False,False,False,False,False,False,False,False,False,False,False,False,False,False,False,Unspecified,Unspecified,🔥⚡⚡ Instagram Auto Likes [S2] [Real]
2684,Instagram,like,3.8,50,20000,False,True,False,False,False,False,False,False,False,False,False,False,False,False,False,False,False,False,False,False,False,False,False,False,False,False,False,False,False,False,Unspecified,Unspecified,🔥⚡⚡ Instagram Auto Likes [S15] [Real]
2668,Instagram,like,4.2,100,80000,False,True,False,False,False,False,False,False,False,False,False,False,False,False,False,False,False,False,False,False,False,False,False,False,False,False,False,False,False,False,Unspecified,Unspecified,🔥⚡⚡ Instagram Auto Likes [S13] [Real]
2740,Instagram,like,2.25,20,5000,False,False,False,False,False,False,False,False,False,False,False,False,False,False,True,True,False,True,False,False,False,False,False,False,False,False,False,False,False,False,USA,Unspecified,🔥⚡⚡🇺🇸 Instagram Auto Likes [ USA Female ]
2413,Instagram,like,2.95,100,20000,False,False,False,False,False,False,False,False,False,False,False,False,False,False,False,False,False,True,False,False,False,False,False,False,False,False,False,False,False,True,Unspecified,Unspecified,🔥⚡⚡ Instagram Auto Likes + Impressions [S2]
2785,Instagram,like,0.36,50,50000,False,False,False,False,False,False,False,False,False,False,False,True,True,False,False,False,False,False,False,False,False,True,False,False,False,False,False,False,False,False,Unspecified,Unspecified,🔥⚡ Instagram Auto Likes [S16]
2578,Instagram,like,0.75,50,400000,False,False,False,False,False,False,False,False,False,False,False,True,True,False,False,False,False,False,False,False,False,True,False,False,False,False,False,False,False,False,Unspecified,Unspecified,🔥⚡ Instagram Auto Likes [S8]
2457,Instagram,like,1.7,100,30000,False,False,False,False,False,False,False,False,False,False,False,False,False,False,False,False,False,False,False,False,False,False,False,False,False,False,False,False,False,True,Unspecified,Unspecified,🔥⚡ Instagram Auto Likes + Impressions [S5]
2506,Instagram,like,0.8,1,1,False,True,False,False,False,False,False,False,False,False,False,False,False,False,False,False,False,False,False,False,False,False,False,False,False,False,False,False,False,True,Unspecified,Unspecified,♛ Instagram Mass Likes [𝟏𝟎𝟎 𝐋𝐢𝐤𝐞𝐬 𝐏𝐞𝐫 𝐏𝐨𝐬𝐭 - 𝐎𝐧 𝐋𝐚𝐬𝐭 𝟔 𝐏𝐨𝐬𝐭𝐬]
2507,Instagram,like,1.15,1,1,False,True,False,False,False,False,False,True,True,False,False,False,False,False,False,False,False,False,False,False,False,False,False,False,False,False,False,False,False,True,Unspecified,Unspecified,♛ Instagram Mass Likes [𝟏𝟎𝟎 𝐋𝐢𝐤𝐞𝐬 𝐏𝐞𝐫 𝐏𝐨𝐬𝐭 - 𝐎𝐧 𝐋𝐚𝐬𝐭 𝟗 𝐏𝐨𝐬𝐭𝐬]
2508,Instagram,like,1.5,1,1,False,True,False,False,False,False,False,False,False,False,False,False,False,False,False,False,False,False,False,False,False,False,False,False,False,False,False,False,False,True,Unspecified,Unspecified,♛ Instagram Mass Likes [𝟏𝟎𝟎 𝐋𝐢𝐤𝐞𝐬 𝐏𝐞𝐫 𝐏𝐨𝐬𝐭 - 𝐎𝐧 𝐋𝐚𝐬𝐭 𝟏𝟐 𝐏𝐨𝐬𝐭𝐬]
2509,Instagram,like,1.9,1,1,False,True,False,False,False,False,False,False,False,False,False,False,False,False,False,False,False,False,False,False,False,False,False,False,False,False,False,False,False,True,Unspecified,Unspecified,♛ Instagram Mass Likes [𝟐𝟓𝟎 𝐋𝐢𝐤𝐞𝐬 𝐏𝐞𝐫 𝐏𝐨𝐬𝐭 - 𝐎𝐧 𝐋𝐚𝐬𝐭 𝟔 𝐏𝐨𝐬𝐭𝐬]
2510,Instagram,like,2.75,1,1,False,True,False,False,False,False,False,False,False,False,False,False,False,False,False,False,False,False,False,False,False,False,False,False,False,False,False,False,False,True,Unspecified,Unspecified,♛ Instagram Mass Likes [𝟐𝟓𝟎 𝐋𝐢𝐤𝐞𝐬 𝐏𝐞𝐫 𝐏𝐨𝐬𝐭 - 𝐎𝐧 𝐋𝐚𝐬𝐭 𝟗 𝐏𝐨𝐬𝐭𝐬]
2511,Instagram,like,3.7,1,1,False,True,False,False,False,False,False,False,False,False,False,False,False,False,False,False,False,False,False,False,False,False,False,False,False,False,False,False,False,True,Unspecified,Unspecified,♛ Instagram Mass Likes [𝟐𝟓𝟎 𝐋𝐢𝐤𝐞𝐬 𝐏𝐞𝐫 𝐏𝐨𝐬𝐭 - 𝐎𝐧 𝐋𝐚𝐬𝐭 𝟏𝟐 𝐏𝐨𝐬𝐭𝐬]
2512,Instagram,like,3.7,1,1,False,True,False,False,False,False,False,False,False,False,False,False,False,False,False,False,False,False,False,False,False,False,False,False,False,False,False,False,False,True,Unspecified,Unspecified,♛ Instagram Mass Likes [𝟓𝟎𝟎 𝐋𝐢𝐤𝐞𝐬 𝐏𝐞𝐫 𝐏𝐨𝐬𝐭 - 𝐎𝐧 𝐋𝐚𝐬𝐭 𝟔 𝐏𝐨𝐬𝐭𝐬]
2513,Instagram,like,5.5,1,1,False,True,False,False,False,False,False,False,False,False,False,False,False,False,False,False,False,False,False,False,False,False,False,False,False,False,False,False,False,True,Unspecified,Unspecified,♛ Instagram Mass Likes [𝟓𝟎𝟎 𝐋𝐢𝐤𝐞𝐬 𝐏𝐞𝐫 𝐏𝐨𝐬𝐭 - 𝐎𝐧 𝐋𝐚𝐬𝐭 𝟗 𝐏𝐨𝐬𝐭𝐬]
2514,Instagram,like,7.3,1,1,False,True,False,False,False,False,False,False,False,False,False,False,False,False,False,False,False,False,False,False,False,False,False,False,False,False,False,False,False,True,Unspecified,Unspecified,♛ Instagram Mass Likes [𝟓𝟎𝟎 𝐋𝐢𝐤𝐞𝐬 𝐏𝐞𝐫 𝐏𝐨𝐬𝐭 - 𝐎𝐧 𝐋𝐚𝐬𝐭 𝟏𝟐 𝐏𝐨𝐬𝐭𝐬]
2515,Instagram,like,7.3,1,1,False,True,False,False,False,False,False,False,False,False,False,False,False,False,False,False,False,False,False,False,False,False,False,False,False,False,False,False,False,True,Unspecified,Unspecified,♛ Instagram Mass Likes [𝟏 𝟎𝟎𝟎 𝐋𝐢𝐤𝐞𝐬 𝐏𝐞𝐫 𝐏𝐨𝐬𝐭 - 𝐎𝐧 𝐋𝐚𝐬𝐭 𝟔 𝐏𝐨𝐬𝐭𝐬]
2516,Instagram,like,10.0,1,1,False,True,False,False,False,False,False,False,False,False,False,False,False,False,False,False,False,False,False,False,False,False,False,False,False,False,False,False,False,True,Unspecified,Unspecified,♛ Instagram Mass Likes [𝟏 𝟎𝟎𝟎 𝐋𝐢𝐤𝐞𝐬 𝐏𝐞𝐫 𝐏𝐨𝐬𝐭 - 𝐎𝐧 𝐋𝐚𝐬𝐭 𝟗 𝐏𝐨𝐬𝐭𝐬]
2517,Instagram,like,14.5,1,1,False,True,False,False,False,False,False,False,False,False,False,False,False,False,False,False,False,False,False,False,False,False,False,False,False,False,False,False,False,True,Unspecified,Unspecified,♛ Instagram Mass Likes [𝟏 𝟎𝟎𝟎 𝐋𝐢𝐤𝐞𝐬 𝐏𝐞𝐫 𝐏𝐨𝐬𝐭 - 𝐎𝐧 𝐋𝐚𝐬𝐭 𝟏𝟐 𝐏𝐨𝐬𝐭𝐬]
2840,Instagram,view,0.025,500,10000000,False,True,False,False,False,False,False,False,False,False,False,False,False,False,False,False,False,False,False,False,False,False,False,False,False,True,False,False,False,False,Unspecified,Unspecified,♛🔥 Instagram Views [Real - Max 10M]
2841,Instagram,view,0.027999999999999997,100,10000000,False,True,False,False,False,False,False,False,False,False,False,False,False,False,False,False,False,False,False,False,False,False,False,False,False,True,False,False,False,False,Unspecified,Unspecified,♛🔥 Instagram Views [Real - Max 10M] [S2]
2583,Instagram,view,0.03,100,50000000,False,True,False,False,False,False,False,False,False,False,False,False,False,False,False,False,False,False,False,False,False,False,False,False,False,True,False,False,False,False,Unspecified,Unspecified,♛🔥 Instagram Views [Real - Max 50M]
1231,Instagram,view,0.07,100,250000000,False,True,False,False,False,False,False,False,False,False,False,False,False,False,False,False,False,False,False,False,False,False,False,False,False,False,True,False,False,False,Unspecified,Unspecified,♛🔥 Instagram Views [Real - Max 200M]
907,Instagram,view,0.09,250,1000000,False,True,False,False,False,False,False,False,False,True,False,False,False,False,False,False,False,False,False,False,False,False,False,False,False,True,False,False,False,True,Unspecified,Unspecified,♛🔥⭐️ Instagram Views + Impressions [ + 𝐏𝐫𝐨𝐟𝐢𝐥𝐞 𝐕𝐢𝐬𝐢𝐭𝐬 ]
2663,Instagram,view,0.1,250,500000,False,True,False,False,False,False,False,False,False,True,False,False,False,False,False,False,False,False,False,False,False,False,False,False,False,True,False,False,False,True,Unspecified,Unspecified,♛🔥⭐️ Instagram Views + Impressions [ + 𝐏𝐫𝐨𝐟𝐢𝐥𝐞 𝐕𝐢𝐬𝐢𝐭𝐬 ] [S2]
652,Instagram,view,0.14,100,2000000,False,True,False,False,False,False,False,False,False,False,False,False,False,False,False,False,False,False,False,False,False,False,False,False,False,True,False,False,False,True,Unspecified,Unspecified,♛🔥⭐️ Instagram Views + Impressions [ 𝐂𝐨𝐦𝐛𝐨 ]
2534,Instagram,view,0.28,500,200000,False,True,False,False,False,False,False,False,False,False,False,False,False,False,False,False,False,False,False,False,False,False,False,False,False,True,False,False,False,True,Unspecified,Unspecified,♛🔥⭐️ Instagram Views + Impressions + Profile Visits [ + 𝟓% 𝐒𝐚𝐯𝐞𝐬 ]
2822,Instagram,view,0.15,100,10000000,False,True,False,False,False,False,False,False,False,True,False,False,False,False,False,False,False,False,False,False,False,False,False,False,False,True,False,False,False,True,Unspecified,Unspecified,♛🔥 Instagram Views + Impressions [ + 𝐏𝐫𝐨𝐟𝐢𝐥𝐞 𝐕𝐢𝐬𝐢𝐭𝐬 ] [S3]
2715,Instagram,view,0.2,500,750000,False,True,False,False,False,False,False,False,False,False,False,False,False,False,False,False,False,False,False,False,False,False,False,False,False,True,False,False,False,True,Unspecified,Unspecified,♛🔥 Instagram Views + Impressions [ Ultra Fast ]
2574,Instagram,view,0.02,100,20000000,False,True,False,False,False,False,False,False,False,False,False,True,True,False,False,False,False,False,False,False,False,True,False,False,False,True,False,False,False,False,Unspecified,Unspecified,♛ Instagram Views [Max 20M]
388,Instagram,view,0.12,100,1000000,False,True,False,False,False,False,False,False,False,False,False,False,False,False,False,False,False,False,False,False,False,False,False,False,False,False,False,True,False,True,Unspecified,Unspecified,♛✪ Instagram Views [Real]
613,Instagram,view,0.1,100,2000000,False,True,False,False,False,False,False,False,False,False,False,False,False,False,False,False,False,False,False,False,False,False,False,False,False,True,False,False,False,True,Unspecified,Unspecified,♛✪ Instagram Views + 𝐄𝐱𝐩𝐥𝐨𝐫𝐞 Impressions
614,Instagram,view,0.1,100,2000000,False,True,False,False,False,False,False,False,False,False,False,False,False,False,False,False,False,False,False,False,False,False,False,False,False,True,False,False,False,True,Unspecified,Unspecified,♛✪ Instagram Views + 𝐇𝐨𝐦𝐞 Impressions
615,Instagram,view,0.1,100,2000000,False,True,False,False,False,False,False,False,False,False,False,False,False,False,False,False,False,False,False,False,False,False,False,False,False,True,False,False,False,True,Unspecified,Unspecified,♛✪ Instagram Views + 𝐋𝐨𝐜𝐚𝐭𝐢𝐨𝐧𝐬 Impressions
1274,Instagram,view,0.03,100,10000000,False,False,False,False,False,False,False,False,False,False,False,False,False,False,False,False,False,False,False,False,False,False,False,False,False,True,False,False,False,False,Unspecified,Unspecified,♛⚡⚡ Instagram Auto Views [S2]
2577,Instagram,view,0.07,100,3000000,False,False,False,False,False,False,False,False,False,False,False,False,False,False,False,False,False,False,False,False,False,False,False,False,False,True,False,False,False,False,Unspecified,Unspecified,♛⚡⚡ Instagram Auto Views [S3]
910,Instagram,view,0.09,250,1000000,False,True,False,False,False,False,False,False,False,True,False,False,False,False,False,False,False,False,False,False,False,False,False,False,False,True,False,False,False,True,Unspecified,Unspecified,♛⚡⚡ Instagram Auto Views + Impressions [ + Profile Visits ]
874,Instagram,view,0.14,100,5000000,False,True,False,False,False,False,False,False,False,False,False,False,False,False,False,False,False,False,False,False,False,False,False,False,False,True,False,False,False,True,Unspecified,Unspecified,♛⚡⚡ Instagram Auto Views + Impressions [ Combo ]
2535,Instagram,view,0.28,500,200000,False,True,False,False,False,False,False,False,False,False,False,False,False,False,False,False,False,False,False,False,False,False,False,False,False,True,False,False,False,True,Unspecified,Unspecified,♛⚡⚡ Instagram Auto Views + Impressions + Profile Visits [ + 5% Saves ]
617,Instagram,view,0.065,500,1000000,False,False,False,False,False,False,False,False,False,False,False,False,False,False,False,False,False,False,False,False,False,False,False,False,False,True,False,False,False,True,Unspecified,Unspecified,♛⚡ Instagram Auto Views + Impressions
2452,Instagram,follower,2.7,10,20000,False,True,False,False,False,False,False,False,False,False,False,False,True,False,False,False,False,True,False,False,False,False,False,False,False,False,False,True,False,True,Unspecified,Unspecified,🔥⚡⚡ Instagram Followers [Real/HQ - Max 20K] [30 Days Refill]
2564,Instagram,follower,3.85,50,75000,False,False,False,False,False,False,False,False,False,False,False,False,True,False,False,False,False,False,False,False,False,False,False,False,False,False,False,True,False,True,Unspecified,Unspecified,🔥⚡⚡ Instagram Followers [Mixed - Max 75K] [30 Days Refill]
2827,Instagram,follower,7.0,50,50000,False,True,False,False,False,False,False,True,False,False,False,False,True,False,False,False,False,False,False,False,False,False,False,False,False,False,False,True,False,True,Unspecified,Unspecified,🔥⚡⚡ Instagram Followers [Real - Max 50K] [30 Days Refill]
2807,Instagram,follower,7.4,50,10000,False,True,False,False,False,False,False,True,False,False,False,False,True,False,False,False,False,False,False,False,False,False,False,False,False,False,False,True,False,False,Unspecified,Unspecified,🔥⚡⚡ Instagram Followers [Real - Max 10K] [30 Days Refill]
2587,Instagram,follower,7.75,10,100000,True,True,False,False,False,False,False,True,False,False,False,False,True,False,False,False,False,False,False,False,False,False,False,False,False,False,False,True,False,True,Unspecified,Unspecified,🔥⚡⚡ Instagram Followers [Real & Active - Max 100K] [30 Days Refill]
2811,Instagram,follower,7.9,100,160000,False,True,False,False,False,False,False,True,False,False,False,False,True,False,False,False,False,False,False,False,False,False,False,False,False,False,False,True,False,True,Unspecified,Unspecified,🔥⚡⚡ Instagram Followers [Real - Max 160K] [30 Days Refill]
2417,Instagram,follower,6.25,100,200000,False,True,False,False,False,False,False,True,False,False,False,False,True,False,False,False,False,False,False,False,False,False,False,False,False,False,False,True,True,False,Unspecified,Unspecified,🔥⚡ Instagram Followers [Real - Max 200K] [30 Days Refill]
2681,Instagram,follower,3.9,100,5000,False,False,False,False,False,False,False,False,False,False,False,False,True,False,False,False,False,True,False,False,False,False,False,False,False,False,False,True,False,False,Unspecified,Unspecified,🔥⚡ Instagram Followers [HQ Mixed - Max 5K] [30 Days Refill]
2824,Instagram,follower,2.95,50,10000,False,False,False,False,False,False,False,False,False,False,False,False,True,False,False,False,False,False,False,False,False,False,False,False,False,False,False,True,False,True,Unspecified,Unspecified,🔥⚡ Instagram Followers [Mixed - Max 10K] [30 Days Refill]
2745,Instagram,follower,1.88,100,15000,False,False,False,False,False,False,False,True,False,False,False,False,True,False,False,False,False,True,False,False,False,False,False,False,False,False,False,True,False,True,Unspecified,Unspecified,🔥⚡ Instagram Followers [HQ Mixed - Max 15K] [30 Days Refill]
2803,Instagram,follower,0.42,20,10000,False,False,False,False,False,False,False,False,False,False,False,True,True,False,False,False,False,True,False,False,False,True,False,False,False,False,False,True,True,True,Unspecified,Unspecified,🔥⚡⚡ Instagram Followers [HQ Mixed - Max 10K]
2853,Instagram,follower,0.5,100,15000,False,False,False,False,False,False,False,False,False,False,False,True,True,False,False,False,False,True,False,False,False,True,False,False,False,False,False,True,False,True,Unspecified,Unspecified,🔥⚡⚡ Instagram Followers [Mixed - Max 15K]
2786,Instagram,follower,0.52,50,25000,False,False,False,False,False,False,False,False,False,False,False,True,True,False,False,False,False,False,False,False,False,True,False,False,False,False,False,True,True,True,Unspecified,Unspecified,🔥⚡⚡ Instagram Followers [Mixed - Max 25K]
2579,Instagram,follower,0.8,20,10000,False,False,False,False,False,False,False,False,False,False,False,True,True,False,False,False,False,False,False,False,False,True,False,False,False,False,False,True,True,True,Unspecified,Unspecified,🔥⚡⚡ Instagram Followers [Mixed - Max 10K]
2718,Instagram,follower,0.88,20,15000,False,False,False,False,False,False,False,False,False,False,False,True,True,False,False,False,False,False,False,False,False,True,False,False,False,False,False,True,False,True,Unspecified,Unspecified,🔥⚡⚡ Instagram Followers [Mixed - Max 15K]
2665,Instagram,follower,0.99,10,20000,False,False,False,False,False,False,False,False,False,False,False,True,True,False,False,False,False,False,False,False,False,True,False,False,False,False,False,True,True,True,Unspecified,Unspecified,🔥⚡⚡ Instagram Followers [Mixed - Max 20K]
2682,Instagram,follower,1.47,50,100000,False,False,False,False,False,False,False,False,False,False,False,True,True,False,False,False,False,False,True,False,False,True,False,False,False,False,False,True,False,True,Unspecified,Unspecified,🔥⚡⚡ Instagram Followers [LQ - Max 100K]
683,Instagram,follower,2.5,20,10000,False,False,False,False,False,False,False,False,False,False,False,True,True,False,False,False,False,False,False,False,False,True,False,False,False,True,False,False,False,False,Unspecified,Unspecified,🔥⚡⚡ Instagram Followers [Mixed - Max 10K]
2419,Instagram,follower,2.75,100,150000,False,True,False,False,False,False,False,False,False,False,False,True,True,False,False,False,False,True,False,False,False,True,False,False,False,True,False,False,False,False,Unspecified,Unspecified,🔥⚡⚡ Instagram Followers [HQ - Max 150K]
2725,Instagram,follower,1.05,10,15000,False,False,False,False,False,False,False,False,False,False,False,True,True,False,False,False,False,False,False,False,False,True,False,False,False,False,False,True,True,True,Unspecified,Unspecified,🔥⚡ Instagram Followers [Mixed - Max 15K]
2735,Instagram,follower,0.95,20,5000,False,False,False,False,False,False,False,False,False,False,False,True,True,False,False,False,False,False,False,False,False,True,False,False,False,False,False,True,False,True,Unspecified,Unspecified,🔥⚡ Instagram Followers [Mixed - Max 5K]
618,Instagram,impression,0.17,100,20000000,False,True,False,False,False,False,False,False,False,False,False,False,False,False,False,False,False,False,False,False,False,False,False,False,False,True,False,False,False,False,Unspecified,Unspecified,♛🔥 Instagram Post Impressions [𝐂𝐨𝐦𝐛𝐨 𝐏𝐚𝐜𝐤 ]
2459,Instagram,impression,0.23,100,100000,False,False,False,False,False,False,False,False,False,False,False,False,False,False,False,False,False,False,False,False,False,False,False,False,False,True,False,False,False,True,Unspecified,Unspecified,♛🔥 Instagram Post Impressions + 𝐑𝐞𝐚𝐜𝐡
2666,Instagram,impression,0.69,250,20000,False,True,False,False,False,False,False,False,False,False,False,False,False,False,False,False,False,False,False,False,False,False,False,False,False,True,False,False,False,True,Unspecified,Unspecified,♛🔥 Instagram Post Impressions + 𝐏𝐫𝐨𝐟𝐢𝐥𝐞 𝐕𝐢𝐬𝐢𝐭𝐬 [S3] [Real]
2431,Instagram,impression,0.65,500,50000,False,True,False,False,False,False,False,False,False,False,False,False,False,False,False,False,False,False,False,False,False,False,False,False,False,True,False,False,False,True,Unspecified,Unspecified,♛🔥 Instagram Post Impressions + 𝐏𝐫𝐨𝐟𝐢𝐥𝐞 𝐕𝐢𝐬𝐢𝐭𝐬 [S4] [Real]
1111,Instagram,,0.25,10,100000,False,False,False,False,False,False,False,False,False,False,False,False,False,False,False,False,False,False,False,False,False,False,False,False,False,True,False,False,False,False,Unspecified,Unspecified,♛🔥 Instagram Profile Visits
35,Instagram,impression,0.09,100,1000000,False,True,False,False,False,False,False,False,False,False,False,False,False,False,False,False,False,False,False,False,False,False,False,False,False,True,False,False,False,False,Unspecified,Unspecified,♛ Instagram Post Impressions
715,Instagram,impression,0.22,100,10000000,False,True,False,False,False,False,False,False,False,False,False,False,False,False,False,False,False,False,False,False,False,False,False,False,False,True,False,False,False,False,USA,Unspecified,♛ Instagram Post Impressions [ USA ]
909,Instagram,post,0.12,25,50000,False,False,False,False,False,False,False,False,False,False,False,False,False,False,False,False,False,False,False,False,False,False,False,False,False,True,False,False,False,False,Unspecified,Unspecified,♛🔥 Instagram Post Reach
735,Instagram,,0.9,100,25000,False,False,False,False,False,False,False,False,False,False,False,False,False,False,False,False,False,False,False,False,False,False,False,False,False,True,False,False,False,False,Unspecified,Unspecified,♛🔥 Instagram Photo Reach
736,Instagram,,1.0,100,25000,False,False,False,False,False,False,False,False,False,False,False,False,False,False,False,False,False,False,False,False,False,False,False,False,False,True,False,False,False,False,Unspecified,Unspecified,♛🔥 Instagram Video Reach
737,Instagram,view,1.75,20,300000,False,False,False,False,False,False,False,False,False,False,False,False,False,False,False,False,False,False,False,False,False,False,False,False,False,True,False,False,False,False,Unspecified,Unspecified,♛🔥 Instagram Highlights Views
767,Instagram,saves,0.25,20,20000,False,True,False,False,False,False,False,False,False,False,False,False,False,False,False,False,False,False,False,False,False,False,False,False,False,True,True,False,False,False,Unspecified,Unspecified,♛ Instagram Saves [Real - Max 20K]
2859,Instagram,like,18.0,10,10000,True,True,False,False,False,False,False,True,True,True,False,False,False,False,False,False,False,False,False,False,True,False,False,False,False,True,False,False,False,False,Unspecified,Unspecified,💎🇰🇷 Instagram Likes [ 𝐒𝐨𝐮𝐭𝐡 𝐊𝐨𝐫𝐞𝐚 ] [ 𝐑𝐞𝐚𝐥 & 𝐀𝐜𝐭𝐢𝐯𝐞 ]
2861,Instagram,,18.0,20,10000,True,True,False,False,False,False,False,True,True,True,False,False,False,False,False,False,False,False,False,False,True,False,False,False,False,True,False,False,False,False,Unspecified,Unspecified,💎🇰🇷 Instagram 𝐀𝐮𝐭𝐨 𝐋𝐢𝐤𝐞𝐬 [ 𝐒𝐨𝐮𝐭𝐡 𝐊𝐨𝐫𝐞𝐚 ] [ 𝐑𝐞𝐚𝐥 & 𝐀𝐜𝐭𝐢𝐯𝐞 ]
2531,Instagram,like,7.65,10,25000,False,False,False,False,False,False,False,False,False,False,False,False,True,False,False,False,False,True,False,False,False,False,False,False,True,True,False,True,True,True,Unspecified,Unspecified,♛🇰🇷 Instagram Likes + 5% Followers [ 𝐒𝐨𝐮𝐭𝐡 𝐊𝐨𝐫𝐞𝐚 ]
2532,Instagram,like,8.8,500,25000,False,False,False,False,False,False,False,False,False,False,False,False,False,False,False,False,False,True,False,False,False,False,False,False,False,True,False,False,True,True,Unspecified,Unspecified,♛🇰🇷 Instagram Likes + Impressions + PV + 5% Followers [ 𝐒𝐨𝐮𝐭𝐡 𝐊𝐨𝐫𝐞𝐚 ]
2580,Instagram,like,10.0,500,25000,False,False,False,False,False,False,False,False,False,False,False,False,False,False,False,False,False,False,False,False,False,False,False,False,False,True,False,False,False,True,Unspecified,Unspecified,♛🇰🇷 Instagram Likes + Views + Engagements [ 𝐒𝐨𝐮𝐭𝐡 𝐊𝐨𝐫𝐞𝐚 - 6 in 1 Combo ]
2533,Instagram,follower,7.65,10,25000,False,False,False,False,False,False,False,False,False,False,False,False,False,False,False,False,False,False,False,False,False,False,False,False,False,False,False,False,False,True,Unspecified,Unspecified,♛🇰🇷 Instagram 𝐀𝐮𝐭𝐨 𝐋𝐢𝐤𝐞𝐬 + 5% Followers [ 𝐒𝐨𝐮𝐭𝐡 𝐊𝐨𝐫𝐞𝐚 ]
2581,Instagram,like,9.0,500,25000,False,False,False,False,False,False,False,False,False,False,False,False,False,False,False,False,False,False,False,False,False,False,False,False,False,True,False,False,False,True,Unspecified,Unspecified,♛🇰🇷 Instagram 𝐀𝐮𝐭𝐨 Likes + Views + Engagements [ 𝐒𝐨𝐮𝐭𝐡 𝐊𝐨𝐫𝐞𝐚 - 6 in 1 Combo ]
2732,Instagram,follower,5.3,50,25000,False,False,False,False,False,False,False,False,False,False,False,True,True,False,False,False,False,True,False,False,False,True,False,False,True,True,False,True,True,False,Unspecified,Unspecified,♛🇰🇷 Instagram Followers [ 𝐒𝐨𝐮𝐭𝐡 𝐊𝐨𝐫𝐞𝐚 ] [ No Refill ]
2550,Instagram,follower,7.8,50,25000,False,False,False,False,False,False,False,False,False,False,False,False,True,False,False,False,False,True,False,False,True,False,False,False,True,True,False,True,True,False,Unspecified,Unspecified,♛🇰🇷 Instagram Followers [ 𝐒𝐨𝐮𝐭𝐡 𝐊𝐨𝐫𝐞𝐚 ] [ 30 Days Refill ]
685,Instagram,view,0.05,100,1000000,False,False,False,False,False,False,False,False,False,False,False,False,False,False,False,False,False,False,False,False,False,False,False,False,False,True,True,False,False,False,Unspecified,Unspecified,♛🔥 Instagram TV Views [S2]
2357,Instagram,view,0.08,500,1000000,False,False,False,False,False,False,False,False,False,False,False,False,False,False,False,False,False,False,False,False,False,False,False,False,False,True,True,False,False,False,Unspecified,Unspecified,♛🔥 Instagram TV Views [S3]
2832,Instagram,like,1.85,100,30000,False,True,False,False,False,False,False,True,True,False,False,False,False,False,False,False,False,False,False,False,False,False,False,False,False,True,False,False,False,False,Unspecified,Unspecified,♛🔥 Instagram TV Likes [Real]
689,Instagram,like,0.75,100,8000,False,False,False,False,False,False,False,False,False,False,False,False,False,False,False,False,False,False,False,False,False,False,False,False,False,False,False,False,False,False,Unspecified,Unspecified,♛ Instagram TV Likes
655,Instagram,like,1.6,100,10000,False,False,False,False,False,False,False,False,False,False,False,False,False,False,False,False,False,True,False,False,False,False,False,False,False,False,False,False,False,True,Unspecified,Unspecified,♛✪ Instagram Comments Likes [HQ - Max 2K]
756,Instagram,like,1.8,5,1000,False,False,False,False,False,False,False,False,False,False,False,False,False,False,False,False,False,False,False,False,False,False,False,False,False,False,False,False,False,False,Unspecified,Unspecified,♛✪ Instagram Comment Likes [Specific Comment]
1297,Instagram,like,1.35,20,10000,False,False,False,False,False,False,False,False,False,False,False,False,False,False,False,False,False,False,False,False,False,False,False,False,False,False,False,False,False,False,Unspecified,Unspecified,♛✪ Instagram Comment Likes [Specific Comment] [S2]
2434,Instagram,comment,40.0,5,1000,False,True,False,False,False,False,False,False,False,False,True,False,False,False,False,False,False,False,False,False,False,False,False,False,False,False,False,False,False,False,Unspecified,Unspecified,♛🔥 Instagram Custom Comments [Real - Max 1K]
2460,Instagram,comment,32.0,5,1000,False,False,False,False,False,False,False,False,False,False,True,False,False,False,False,False,False,True,False,False,False,False,False,False,False,False,False,False,False,False,Unspecified,Unspecified,♛🔥 Instagram Custom Comments [HQ - Max 1K]
2461,Instagram,comment,30.0,5,1000,False,False,False,False,False,False,False,False,False,True,False,False,False,False,False,False,False,True,False,False,False,False,False,False,False,False,False,False,False,False,Unspecified,Unspecified,♛🔥 Instagram Random Comments [HQ - Max 1K]
530,Instagram,comment,8.0,5,1000,False,False,False,False,False,False,False,False,False,True,False,False,False,False,False,False,False,True,False,False,False,False,False,False,False,False,False,False,False,False,Unspecified,Unspecified,♛ Instagram Random Comments [HQ - Max 1K] [S3]
2850,Instagram,comment,12.0,1,1000,False,False,False,False,False,False,False,False,False,True,False,False,False,False,False,False,False,True,False,False,False,False,False,False,False,False,False,False,False,False,Unspecified,Unspecified,♛ Instagram Random Comments [HQ - Max 1K] [S4]
352,Instagram,video view,12.0,50,1000,False,True,False,False,False,False,False,False,False,False,False,False,False,False,False,False,False,False,False,False,False,False,False,False,False,False,False,False,False,False,Unspecified,Unspecified,🔥  Instagram Live Video Views [Real - Max 1K]
2815,Instagram,video view,13.0,20,3000,False,False,False,False,False,False,False,False,False,False,False,False,False,False,False,False,False,False,False,False,False,False,False,False,False,False,False,False,False,False,USA,Unspecified,🔥  Instagram Live Video Views [ USA ]
2470,Instagram,video view,8.0,25,100000,False,True,False,False,False,False,False,False,False,False,False,False,False,False,False,False,False,False,False,False,False,False,False,False,False,False,False,False,False,False,Unspecified,Unspecified,Instagram Live Video Views [Real - Max 10K]
838,Instagram,video view,15.0,100,5000,False,True,False,False,False,False,False,False,False,False,False,False,False,False,False,False,False,False,False,False,False,False,False,False,False,False,False,False,False,False,Unspecified,Unspecified,Instagram Live Video Views [Real - Max 5K]
104,Instagram,like,0.6,200,10000,False,False,False,False,False,False,False,False,False,False,False,False,False,False,False,False,False,True,False,False,False,False,False,False,False,False,True,False,False,False,Unspecified,Unspecified,Instagram Live Video Likes [S3] [HQ - INSTANT]
106,Instagram,comment,11.0,50,2000,False,False,False,False,False,False,False,False,False,True,False,False,False,False,True,True,False,False,False,False,False,False,False,False,False,False,False,False,False,False,Unspecified,Unspecified,Instagram Live Video Comments [Random - Female - Max 2K]
2573,Instagram,story view,0.06,100,25000,False,False,False,False,False,False,False,False,False,False,False,False,False,False,False,False,False,False,False,False,False,False,False,False,False,True,False,False,False,False,Unspecified,Unspecified,♛🔥 Instagram Story Views [Max 25K] [ALL POSTS]
2572,Instagram,story view,0.17,100,30000,False,False,False,False,False,False,False,False,False,False,False,False,False,False,False,False,False,False,False,False,False,False,False,False,False,True,False,False,False,False,Unspecified,Unspecified,♛🔥 Instagram Story Views [Max 30K] [ALL POSTS]
382,Instagram,story view,0.25,50,10000,False,True,False,False,False,False,False,False,False,False,False,False,False,False,False,False,False,False,False,False,False,False,False,False,False,True,False,False,False,False,Unspecified,Unspecified,♛🔥 Instagram Story Views [Max 5K] [REAL]
866,Instagram,story view,0.05,100,50000,False,False,False,False,False,False,False,False,False,False,False,False,False,False,False,False,False,False,False,False,False,False,False,False,False,False,False,True,False,False,Unspecified,Unspecified,♛ Instagram Story Views [Max 50K] [ALL POSTS]
646,Instagram,story view,0.4,100,30000,False,False,False,False,False,False,False,False,False,False,False,False,False,False,False,True,False,False,False,False,False,False,False,False,False,True,False,False,False,False,Unspecified,Unspecified,♛ Instagram Story Views [MALE - Max 30K]
647,Instagram,story view,0.4,100,30000,False,False,False,False,False,False,False,False,False,False,False,False,False,False,True,True,False,False,False,False,False,False,False,False,False,True,False,False,False,False,Unspecified,Unspecified,♛ Instagram Story Views [FEMALE - Max 30K]
486,Instagram,poll vote,9.0,20,30000,False,False,False,False,False,False,False,False,False,False,False,False,False,False,False,False,False,False,False,False,False,False,False,False,False,False,False,False,False,False,Unspecified,Unspecified,♛ Instagram Story Poll Votes [Max 100K]
2851,Facebook,page like,5.9,500,70000,False,True,False,False,False,False,False,False,False,False,False,False,True,False,False,False,False,True,False,False,False,False,False,False,False,False,False,True,False,True,Unspecified,Unspecified,♛ Facebook Fan Page Likes [Real/HQ - Max 5K]
2734,Facebook,page like,6.6,100,3000,False,False,False,False,False,False,False,False,False,False,False,False,True,False,False,False,False,True,False,False,False,False,False,False,False,False,False,True,False,True,Unspecified,Unspecified,♛ Facebook Fan Page Likes [HQ - Max 5K]
1254,Facebook,page like,10.5,100,40000,False,False,False,False,False,False,False,False,False,False,False,False,True,False,False,False,False,True,False,False,False,False,False,False,False,False,False,True,False,True,Unspecified,Unspecified,♛ Facebook Fan Page Likes [HQ - Max 40K]
2551,Facebook,page like,13.0,500,50000,False,False,False,False,False,False,False,False,False,False,False,False,True,False,False,False,False,True,False,False,False,False,False,False,False,False,False,True,False,True,Unspecified,Unspecified,♛ Facebook Fan Page Likes [HQ - Max 5K]
2648,Facebook,page like,20.0,100,100000,False,True,False,False,False,False,False,False,False,False,False,False,True,False,False,False,False,False,False,False,False,False,False,False,False,False,False,True,False,False,Unspecified,Unspecified,♛ Facebook Fan Page Likes [Real - Max 100K]
2439,Facebook,like,3.6,100,5000,False,False,False,False,False,False,False,False,False,False,False,True,True,False,False,False,False,True,False,False,False,True,False,False,False,False,False,True,False,False,Unspecified,Unspecified,♛ Facebook Post Likes [HQ - Max 5K]
2440,Facebook,like,6.5,50,8000,False,True,False,False,False,False,False,False,False,False,False,True,True,False,False,False,False,False,False,False,False,True,False,False,False,False,False,True,False,False,Unspecified,Unspecified,♛ Facebook Post Likes [Real - Max 8K]
2485,Facebook,like,6.0,100,15000,False,False,False,False,False,False,False,False,False,False,False,False,True,False,False,False,False,True,False,False,False,False,False,False,False,False,False,True,False,False,Unspecified,Unspecified,♛ Facebook Post Likes [HQ - Max 15K]
2441,Facebook,like,6.83,100,10000,False,False,False,False,False,False,False,False,False,False,False,False,False,False,False,False,False,False,False,False,True,False,False,False,False,False,False,False,False,False,Unspecified,Unspecified,♛ Facebook Emoticons Post Likes [LOVE]
2442,Facebook,like,6.83,100,10000,False,False,False,False,False,False,False,False,False,False,False,False,False,False,False,False,False,False,False,False,True,False,False,False,False,False,False,False,False,False,Unspecified,Unspecified,♛ Facebook Emoticons Post Likes [HAHA]
2443,Facebook,like,6.83,100,10000,False,False,False,False,False,False,False,False,False,False,False,False,False,False,False,False,False,False,False,False,True,False,False,False,False,False,False,False,False,False,Unspecified,Unspecified,♛ Facebook Emoticons Post Likes [WOW]
2444,Facebook,like,6.83,100,10000,False,False,False,False,False,False,False,False,False,False,False,False,False,False,False,False,False,False,False,False,True,False,False,False,False,False,False,False,False,False,Unspecified,Unspecified,♛ Facebook Emoticons Post Likes [SAD]
2445,Facebook,like,6.83,100,10000,False,False,False,False,False,False,False,False,False,False,False,False,False,False,False,False,False,False,False,False,True,False,False,False,False,False,False,False,False,False,Unspecified,Unspecified,♛ Facebook Emoticons Post Likes [ANGRY]
2687,Facebook,video view,0.13,1000,10000000,False,True,False,False,False,False,False,False,False,False,False,False,False,False,False,False,False,False,False,False,False,False,False,False,False,False,False,True,False,True,Unspecified,Unspecified,♛ Facebook Video Views [Real - Max 1M]
1265,Facebook,video view,0.15,500,100000000,False,True,False,False,False,False,False,False,False,False,False,False,False,False,False,False,False,False,False,False,False,False,False,False,False,False,False,True,False,True,Unspecified,Unspecified,♛ Facebook Video Views [Real - Max 10M]
804,Facebook,video view,0.23,100,2000000,False,True,False,False,False,False,False,False,False,False,False,False,False,False,False,False,False,False,False,False,False,False,False,False,False,False,False,True,False,True,Unspecified,Unspecified,♛ Facebook Video Views [Real - Max 2M]
2688,Facebook,video view,0.25,1000,10000000,False,True,False,False,False,False,False,False,False,False,False,False,False,False,False,False,False,False,False,False,False,False,False,False,False,False,False,True,False,True,Unspecified,Unspecified,♛ Facebook Video Views [Real - Max 1M] [High Retention]
1233,Facebook,comment,65.0,15,100,False,False,False,False,False,False,False,False,False,True,False,False,False,False,False,True,False,False,False,False,False,False,False,False,False,False,False,False,False,False,Unspecified,Unspecified,Facebook RANDOM Comments [MALE]
765,Facebook,comment,90.0,15,100,False,False,False,False,False,False,False,False,False,False,True,False,False,False,False,True,False,False,False,False,False,False,False,False,False,False,False,False,False,False,Unspecified,Unspecified,Facebook CUSTOM Comments [MALE]
1234,Facebook,comment,65.0,15,100,False,False,False,False,False,False,False,False,False,True,False,False,False,False,True,True,False,False,False,False,False,False,False,False,False,False,False,False,False,False,Unspecified,Unspecified,Facebook RANDOM Comments [FEMALE]
766,Facebook,comment,90.0,15,100,False,False,False,False,False,False,False,False,False,False,True,False,False,False,True,True,False,False,False,False,False,False,False,False,False,False,False,False,False,False,Unspecified,Unspecified,Facebook CUSTOM Comments [FEMALE]
287,Twitter,video view,0.6,100,10000000,False,True,False,False,False,False,False,False,False,False,False,False,False,False,False,False,False,False,False,False,False,False,False,False,False,False,False,False,False,False,Unspecified,Unspecified,Twitter Video Views [Real - Max 1M]
2472,Twitter,video view,0.8,100,10000000,False,True,False,False,False,False,False,False,False,False,False,False,False,False,False,False,False,False,False,False,False,False,False,False,False,False,False,False,False,False,Unspecified,Unspecified,Twitter Video Views [Real - Max 500K]
288,Twitter,impression,2.5,100,1000000,False,False,False,False,False,False,False,False,False,False,False,False,False,False,False,False,False,False,False,False,False,False,False,False,False,False,False,False,False,False,Unspecified,Unspecified,Twitter Impressions [Max 1M]
445,Twitter,video view,14.0,20,2000,False,False,False,False,False,False,False,False,False,False,False,False,False,False,False,False,False,False,False,False,False,False,False,False,False,False,True,False,False,False,Unspecified,Unspecified,Twitter  Live Video Views [INSTANT - 15 Min Watch Time]
2645,Twitter,,0.35,100,10000000,False,False,False,False,False,False,False,False,False,False,False,False,False,False,False,False,False,False,False,False,False,False,False,False,False,False,False,False,False,False,Unspecified,Unspecified,Twitter Profile Click [Max 10M]
190,Twitter,poll vote,3.5,100,10000000,False,False,False,False,False,False,False,False,False,False,False,False,False,False,False,False,False,False,False,False,False,False,False,False,False,False,False,False,False,False,Unspecified,Unspecified,Twitter Poll Votes [Max 10M]
2726,Telegram,channel member,2.39,1000,15000,False,True,False,False,False,False,False,False,False,False,False,False,False,False,False,False,False,False,False,False,False,False,False,False,False,False,False,False,True,False,Unspecified,Unspecified,🔥 Telegram Channel Members [Real - Max 15K]
531,Telegram,group member,1.88,100,20000,False,False,False,False,False,False,False,False,False,False,False,False,False,False,False,False,False,True,False,False,False,False,False,False,False,False,False,False,False,False,Unspecified,Unspecified,Telegram Group Members [HQ - Max 20K]
336,Telegram,view,0.3,100,100000,False,False,False,False,False,False,False,False,False,False,False,False,False,False,False,False,False,False,False,False,False,False,False,False,False,False,False,False,False,False,Unspecified,Unspecified,Telegram Post Views [Last 5 Posts]
532,Telegram,view,0.6,100,100000,False,False,False,False,False,False,False,False,False,False,False,False,False,False,False,False,False,False,False,False,False,False,False,False,False,False,False,False,False,False,Unspecified,Unspecified,Telegram Post Views [Last 10 Posts]
533,Telegram,view,0.99,100,100000,False,False,False,False,False,False,False,False,False,False,False,False,False,False,False,False,False,False,False,False,False,False,False,False,False,False,False,False,False,False,Unspecified,Unspecified,Telegram Post Views [Last 20 Posts]
2826,Telegram,view,3.5,100,100000,False,False,False,False,False,False,False,False,False,False,False,False,False,False,False,False,False,False,False,False,False,False,False,False,False,False,False,False,False,False,Unspecified,Unspecified,Telegram Post Views [Last 100 Posts]
2821,TikTok,view,0.01,100,10000000,False,False,False,False,False,False,False,False,False,False,False,False,False,False,False,False,False,False,False,False,False,False,False,False,False,True,False,False,False,False,Unspecified,Unspecified,♛ TikTok Views [S2]
2797,TikTok,view,0.02,500,10000000,False,False,False,False,False,False,False,False,False,False,False,False,False,False,False,False,False,False,False,False,False,False,False,False,False,True,False,False,False,False,Unspecified,Unspecified,♛ TikTok Views [S1]
2816,TikTok,like,2.5,100,10000,False,False,False,False,False,False,False,False,False,False,False,True,True,False,False,False,False,False,False,False,False,True,False,False,False,True,False,False,False,False,Unspecified,Unspecified,♛ TikTok Likes
290,SoundCloud,play,0.07,100,1000000,False,True,False,False,False,False,False,False,False,False,False,False,False,False,False,False,False,False,False,False,False,False,False,False,False,False,False,True,False,True,Unspecified,Unspecified,♛🔥 Soundcloud Plays [Real - Max 1M]
906,SoundCloud,play,0.05,5000,10000000,False,True,False,False,False,False,False,False,False,False,False,False,False,False,False,False,False,False,False,False,False,False,False,False,False,False,False,True,False,True,Unspecified,Unspecified,♛🔥 Soundcloud Plays [Real - Max 10M]
1112,SoundCloud,play,0.09,10000,1000000,False,False,False,False,False,False,False,False,False,False,False,False,False,False,False,False,False,False,False,False,False,False,False,False,False,False,False,True,False,False,USA,Unspecified,♛🔥 Soundcloud Plays [USA - Max 1M]
85,SoundCloud,play,0.03,50000,10000000,False,True,False,False,False,False,False,False,False,False,False,False,False,False,False,False,False,False,False,False,False,False,False,False,False,False,False,True,False,True,Unspecified,Unspecified,♛ Soundcloud Plays [Real - Max 10M] [Min 50K]
487,SoundCloud,play,0.15,100,5000000,False,True,False,False,False,False,False,False,False,False,False,False,False,False,False,False,False,False,False,False,False,False,False,False,False,False,False,True,False,True,Unspecified,Unspecified,♛ Soundcloud Plays [Real - Max 5M]
711,SoundCloud,like,2.5,100,10000,False,False,False,False,False,False,False,False,False,False,False,True,True,False,False,False,False,False,False,False,False,False,False,False,False,False,False,True,False,True,USA,Unspecified,Soundcloud Likes [USA Mixed - Max 30K]
279,SoundCloud,like,2.9,50,1000000,False,True,False,False,False,False,False,False,False,False,False,True,True,False,False,False,False,False,False,False,False,False,False,False,False,False,False,True,False,True,Unspecified,Unspecified,Soundcloud Likes [Real - Max 1M]
84,SoundCloud,like,3.9,50,50000,False,False,False,False,False,False,False,False,False,False,False,True,True,False,False,False,False,True,False,False,False,False,False,False,False,False,False,True,False,True,Unspecified,Unspecified,Soundcloud Likes [HQ - Max 50K]
712,SoundCloud,follower,1.9,100,50000,False,False,False,False,False,False,False,False,False,False,False,True,True,False,False,False,False,False,False,False,False,False,False,False,False,False,False,True,False,True,USA,Unspecified,♛ Soundcloud Followers [USA Mixed  - Max 50K]
528,SoundCloud,follower,3.2,100,50000,False,False,False,False,False,False,False,False,False,False,False,False,True,False,False,False,False,True,False,False,False,False,False,False,False,False,False,True,False,True,Unspecified,Unspecified,Soundcloud Followers [HQ - Max 50K]
160,SoundCloud,download,0.33,100,1000000,False,False,False,False,False,False,False,False,False,False,False,False,False,False,False,False,False,False,False,False,False,False,False,False,False,False,False,True,False,True,Unspecified,Unspecified,Soundcloud Downloads [Max 1M]
713,SoundCloud,repost,1.9,100,10000,False,False,False,False,False,False,False,False,False,False,False,False,True,False,False,False,False,False,False,False,False,False,False,False,False,False,False,True,False,True,USA,Unspecified,♛ Soundcloud Reposts [USA Mixed - Max 10K]
451,SoundCloud,repost,5.5,20,10000,False,True,False,False,False,False,False,False,False,False,False,False,False,False,False,False,False,False,False,False,False,False,False,False,False,False,False,True,False,False,Unspecified,Unspecified,Soundcloud Reposts [S1]
452,SoundCloud,repost,9.0,100,10000,False,True,False,False,False,False,False,False,False,False,False,False,False,False,False,False,False,False,False,False,False,False,False,False,False,False,False,False,False,False,Unspecified,Unspecified,Soundcloud Reposts [S2]
2649,Spotify,play,1.99,1000,10000000,False,True,False,False,False,False,False,False,False,False,False,False,False,False,False,False,False,False,False,False,False,False,False,False,False,False,False,True,True,False,Unspecified,Unspecified,🔥 Spotify Track Plays [Real - WorldWide]
1273,Spotify,play,2.45,1000,10000000,False,True,False,False,False,False,False,False,False,False,False,False,False,False,False,False,False,False,False,False,False,False,False,False,False,False,False,True,True,False,USA,Unspecified,🔥 Spotify Track Plays [Real - USA / EU / AU]
2678,Spotify,play,1.35,1000,1000000,False,False,False,False,False,False,False,False,False,False,False,False,False,False,False,False,False,False,False,False,False,False,False,False,False,False,False,True,True,False,Unspecified,Unspecified,Spotify Plays [WorldWide] [ Playlist/Album ]
569,Spotify,play,0.85,1000,1000000,False,False,False,False,False,False,False,False,False,False,False,False,False,False,False,False,False,False,False,False,False,False,False,False,False,False,False,True,True,False,Unspecified,Unspecified,Spotify Track Plays [ WorldWide ]
660,Spotify,play,2.0,100,1000000,False,False,False,False,False,False,False,False,False,False,False,False,False,False,False,False,False,False,False,False,False,False,False,False,False,False,False,True,True,False,USA,Unspecified,Spotify Track Plays [ USA ]
2679,Spotify,play,1.33,10000,10000000,False,False,False,False,False,False,False,False,False,False,False,False,False,False,False,False,False,False,False,False,False,False,False,False,False,False,False,True,True,False,USA,Unspecified,Spotify Album Plays [ USA ]
1105,Spotify,play,5.0,100,1000000,False,False,False,False,False,False,False,False,False,False,False,False,False,False,False,False,False,False,False,False,False,False,False,False,False,False,False,True,True,False,UK,Unspecified,Spotify Track Plays [ UK ]
1161,Spotify,play,5.0,20,1000000,False,False,False,False,False,False,False,False,False,False,False,False,False,False,False,False,False,False,False,False,False,False,False,False,False,False,False,True,True,False,Germany,Unspecified,Spotify Track Plays [ Germany ]
1106,Spotify,play,5.0,100,1000000,False,False,False,False,False,False,False,False,False,False,False,False,False,False,False,False,False,False,False,False,False,False,False,False,False,False,False,True,True,False,Canada,Unspecified,Spotify Track Plays [ Canada ]
1121,Spotify,play,5.0,100,1000000,False,False,False,False,False,False,False,False,False,False,False,False,False,False,False,False,False,False,False,False,False,False,False,False,False,False,False,True,True,False,Netherlands,Unspecified,Spotify Track Plays [ Netherlands ]
83,Pinterest,repin,4.0,20,1000000,False,False,False,False,False,False,False,False,False,False,False,False,False,False,False,False,False,False,False,False,False,False,False,False,False,False,False,True,False,True,Unspecified,Unspecified,Pinterest RePins
80,Pinterest,follower,4.0,50,1000000,False,False,False,False,False,False,False,False,False,False,False,False,True,False,False,False,False,False,False,False,False,False,False,False,False,False,False,True,False,True,Unspecified,Unspecified,Pinterest Followers
81,Pinterest,follower,4.0,50,100000,False,False,False,False,False,False,False,False,False,False,False,False,True,False,False,False,False,False,False,False,False,False,False,False,False,False,False,True,False,True,Unspecified,Unspecified,Pinterest Board Followers
1614,Podcast,download,3.7,5000,10000000,False,False,False,False,False,False,False,True,False,False,False,False,False,False,False,False,False,False,False,False,True,False,False,False,False,False,False,True,False,True,Unspecified,Unspecified,Podcast Downloads [All Episodes] [WorldWide]
1615,Podcast,download,7.4,1000,5000000,False,False,False,False,False,False,False,True,False,False,False,False,False,False,False,False,False,False,False,False,True,False,False,False,False,False,False,True,False,True,USA,Unspecified,Podcast Downloads [All Episodes] [USA]
1616,Podcast,download,8.99,1000,3000000,False,False,False,False,False,False,False,True,False,False,False,False,False,False,False,False,False,False,False,False,True,False,False,False,False,False,False,True,False,True,UK,Unspecified,Podcast Downloads [All Episodes] [UK]
1617,Podcast,stream,6.05,1000,1000000,False,False,False,False,False,False,False,True,False,False,False,False,False,False,False,False,False,False,False,False,True,False,False,False,False,False,False,True,False,True,Unspecified,Unspecified,Podcast Streams [All Episodes] [WorldWide]
1618,Podcast,stream,7.4,100,1000000,False,False,False,False,False,False,False,True,False,False,False,False,False,False,False,False,False,False,False,False,True,False,False,False,False,False,False,True,False,True,UK,Unspecified,Podcast Streams [All Episodes] [USA & UK]
2788,Quora,view,0.75,500,100000,False,False,False,False,False,False,False,False,False,False,False,False,False,False,False,False,False,False,False,False,False,False,False,False,False,False,False,True,True,True,Unspecified,Unspecified,Quora Answer Views
2789,Quora,share,40.0,10,10000,False,False,False,False,False,False,False,False,False,False,False,False,False,False,False,False,False,False,False,False,False,False,False,False,False,False,False,True,True,True,Unspecified,Unspecified,Quora Answer Shares
2791,Quora,vote,30.0,50,10000,False,False,False,False,False,False,False,False,False,False,False,False,False,False,False,False,False,False,False,False,False,False,False,False,False,False,False,True,True,True,Unspecified,Unspecified,Quora Answer Upvotes
2790,Quora,follower,40.0,10,10000,False,False,False,False,False,False,False,False,False,False,False,False,False,False,False,False,False,False,False,False,False,False,False,False,False,False,False,True,True,True,Unspecified,Unspecified,Quora Profile Followers
2792,Quora,follower,40.0,10,10000,False,False,False,False,False,False,False,False,False,False,False,False,False,False,False,False,False,False,False,False,False,False,False,False,False,False,False,True,True,True,Unspecified,Unspecified,Quora Question Followers
2491,Website,,3.0,1,1,False,False,False,False,True,False,False,False,False,False,False,False,False,False,False,False,False,False,False,False,False,False,False,False,False,True,False,True,False,True,Unspecified,facebook,𝟏 𝟎𝟎𝟎 Social Signals from Facebook
2492,Website,,4.0,1,1,False,False,False,False,True,False,False,False,False,False,False,False,False,False,False,False,False,False,False,False,False,False,False,False,False,True,False,True,False,True,Unspecified,facebook,𝟓 𝟎𝟎𝟎 Social Signals from Facebook
2493,Website,,6.0,1,1,False,False,False,False,True,False,False,False,False,False,False,False,False,False,False,False,False,False,False,False,False,False,False,False,False,True,False,True,False,True,Unspecified,facebook,𝟏𝟎 𝟎𝟎𝟎 Social Signals from Facebook
2494,Website,,7.0,1,1,False,False,False,False,True,False,False,False,False,False,False,False,False,False,False,False,False,False,False,False,False,False,False,False,False,True,False,True,False,True,Unspecified,facebook,𝟐𝟎 𝟎𝟎𝟎 Social Signals from Facebook
2495,Website,,9.0,1,1,False,False,False,False,True,False,False,False,False,False,False,False,False,False,False,False,False,False,False,False,False,False,False,False,False,True,False,True,False,True,Unspecified,facebook,𝟓𝟎 𝟎𝟎𝟎 Social Signals from Facebook
2497,Website,,15.0,1,1,False,False,False,False,True,False,False,False,False,False,False,False,False,False,False,False,False,False,False,False,False,False,False,False,False,True,False,True,False,True,Unspecified,facebook,𝟏𝟎𝟎 𝟎𝟎𝟎 Social Signals from Facebook
2762,,,0.01,1,1,False,False,False,False,False,False,False,False,False,False,False,False,False,False,False,False,False,False,False,False,False,False,False,False,False,False,False,False,False,False,Unspecified,Unspecified,---------------------------------------------
2763,Website,pin,4.0,1,1,False,False,False,False,True,False,False,False,False,False,False,False,False,False,False,False,False,False,False,False,False,False,False,False,False,True,False,True,False,True,Unspecified,pinterest,𝟓 𝟎𝟎𝟎 Social Signals from Pinterest
2765,Website,pin,8.0,1,1,False,False,False,False,True,False,False,False,False,False,False,False,False,False,False,False,False,False,False,False,False,False,False,False,False,True,False,True,False,True,Unspecified,pinterest,𝟏𝟓 𝟎𝟎𝟎 Social Signals from Pinterest
2764,Website,pin,12.0,1,1,False,False,False,False,True,False,False,False,False,False,False,False,False,False,False,False,False,False,False,False,False,False,False,False,False,True,False,True,False,True,Unspecified,pinterest,𝟑𝟎 𝟎𝟎𝟎 Social Signals from Pinterest
2394,,,15.0,1,1,False,False,False,False,False,False,False,False,False,False,False,False,False,False,False,False,True,False,False,False,False,False,False,False,False,False,False,True,False,True,Unspecified,Unspecified,🔗 .EDU / .GOV + PR8-9 Backlinks Package [𝟒𝟎 𝐋𝐢𝐧𝐤𝐬 + 𝐅𝐮𝐥𝐥 𝐑𝐞𝐩𝐨𝐫𝐭]
2398,,,20.0,1,1,False,False,False,False,False,False,False,False,False,False,False,False,False,False,False,False,True,False,False,False,False,False,False,False,False,False,False,True,False,True,Unspecified,Unspecified,🔗 .EDU / .GOV + PR8-9 Backlinks Package [𝟖𝟎 𝐋𝐢𝐧𝐤𝐬 + 𝐅𝐮𝐥𝐥 𝐑𝐞𝐩𝐨𝐫𝐭]
2653,,,15.0,1,1,False,False,False,False,False,False,False,False,False,False,False,False,False,False,False,False,True,True,False,False,False,False,False,False,False,False,False,True,False,True,Unspecified,Unspecified,🔗 PBN Backlinks Package - 100% Do-Follow [𝟏𝟎 𝐋𝐢𝐧𝐤𝐬 + 𝐅𝐮𝐥𝐥 𝐑𝐞𝐩𝐨𝐫𝐭]
2654,,,25.0,1,1,False,False,False,False,False,False,False,False,False,False,False,False,False,False,False,False,True,True,False,False,False,False,False,False,False,False,False,True,False,True,Unspecified,Unspecified,🔗 PBN Backlinks Package - 100% Do-Follow [𝟓𝟎 𝐋𝐢𝐧𝐤𝐬 + 𝐅𝐮𝐥𝐥 𝐑𝐞𝐩𝐨𝐫𝐭]
2838,,traffic,0.6,1000,1000000,False,False,False,False,False,False,False,False,False,False,False,False,False,False,False,False,False,False,False,False,False,False,False,False,False,False,True,True,True,True,Any Country,any,📱 Mobile Traffic from Any Country [See Description]
1323,,traffic,0.1,500,1000000,False,True,False,False,False,False,False,False,False,False,False,False,False,False,False,False,False,False,False,False,False,False,False,False,False,False,True,True,False,True,Unspecified,Unspecified,🚀 WorldWide Traffic - Direct Visits [INSTANT]
1324,Website,traffic,0.18,500,1000000,False,True,False,False,False,False,False,False,False,False,False,False,False,False,False,False,False,False,False,False,False,False,False,False,False,False,False,True,True,True,Unspecified,google,🚀 WorldWide Traffic from Google
1319,Website,traffic,0.2,1000,1000000,False,False,False,False,False,False,False,False,False,False,True,False,False,False,False,False,False,False,False,False,False,False,False,False,False,False,False,True,False,True,Unspecified,google.com,🔎 WorldWide Traffic from Google.com [Organic] [Custom Keywords]
1325,Website,traffic,0.18,500,1000000,False,True,False,False,False,False,False,False,False,False,False,False,False,False,False,False,False,False,False,False,False,False,False,False,False,False,False,True,False,False,Unspecified,facebook,WorldWide Traffic from Facebook
1326,Website,traffic,0.18,500,1000000,False,True,False,False,False,False,False,False,False,False,False,False,False,False,False,False,False,False,False,False,False,False,False,False,False,False,False,True,False,False,Unspecified,instagram,WorldWide Traffic from Instagram
1327,Website,traffic,0.18,500,1000000,False,True,False,False,False,False,False,False,False,False,False,False,False,False,False,False,False,False,False,False,False,False,False,False,False,False,False,True,False,False,Unspecified,quora,WorldWide Traffic from Quora
1328,Blogger,traffic,0.18,500,1000000,False,True,False,False,False,False,False,False,False,False,False,False,False,False,False,False,False,False,False,False,False,False,False,False,False,False,False,True,False,False,Unspecified,blogspot/blogger.com,WorldWide Traffic from Blogspot/Blogger.com
1329,,traffic,0.18,500,1000000,False,True,False,False,False,False,False,False,False,False,False,False,False,False,False,False,False,False,False,False,False,False,False,False,False,False,False,True,False,False,Unspecified,yandex.ru,WorldWide Traffic from Yandex.ru
1330,,traffic,0.18,500,1000000,False,True,False,False,False,False,False,False,False,False,False,False,False,False,False,False,False,False,False,False,False,False,False,False,False,False,False,True,False,False,Unspecified,wikipedia,WorldWide Traffic from Wikipedia
1331,Website,traffic,0.18,500,1000000,False,True,False,False,False,False,False,False,False,False,False,False,False,False,False,False,False,False,False,False,False,False,False,False,False,False,False,True,False,False,Unspecified,reddit,WorldWide Traffic from Reddit
1332,Website,traffic,0.18,500,1000000,False,True,False,False,False,False,False,False,False,False,False,False,False,False,False,False,False,False,False,False,False,False,False,False,False,False,False,True,False,False,Unspecified,youtube,WorldWide Traffic from YouTube
1333,Website,traffic,0.18,500,1000000,False,True,False,False,False,False,False,False,False,False,False,False,False,False,False,False,False,False,False,False,False,False,False,False,False,False,False,True,False,False,Unspecified,twitter,WorldWide Traffic from Twitter
1334,Website,traffic,0.18,500,1000000,False,True,False,False,False,False,False,False,False,False,False,False,False,False,False,False,False,False,False,False,False,False,False,False,False,False,False,True,False,False,Unspecified,pinterest,WorldWide Traffic from Pinterest
1335,Website,traffic,0.18,500,1000000,False,True,False,False,False,False,False,False,False,False,False,False,False,False,False,False,False,False,False,False,False,False,False,False,False,False,False,True,False,False,Unspecified,tumblr,WorldWide Traffic from Tumblr
1336,,traffic,0.18,500,1000000,False,True,False,False,False,False,False,False,False,False,False,False,False,False,False,False,False,False,False,False,False,False,False,False,False,False,False,True,False,False,Unspecified,sina,WorldWide Traffic from Sina Weibo
1337,Website,traffic,0.18,500,1000000,False,True,False,False,False,False,False,False,False,False,False,False,False,False,False,False,False,False,False,False,False,False,False,False,False,False,False,True,False,False,Unspecified,linkedin,WorldWide Traffic from LinkedIn
1338,,traffic,0.18,500,1000000,False,True,False,False,False,False,False,False,False,False,False,False,False,False,False,False,False,False,False,False,False,False,False,False,False,False,False,True,False,False,Unspecified,stumbleupon,WorldWide Traffic from StumbleUpon
1339,Website,traffic,0.18,500,1000000,False,True,False,False,False,False,False,False,False,False,False,False,False,False,False,False,False,False,False,False,False,False,False,False,False,False,False,True,False,False,Unspecified,amazon.com,WorldWide Traffic from Amazon.com
1340,Website,traffic,0.18,500,1000000,False,True,False,False,False,False,False,False,False,False,False,False,False,False,False,False,False,False,False,False,False,False,False,False,False,False,False,True,False,False,Unspecified,twitch.tv,WorldWide Traffic from Twitch.TV
1341,,traffic,0.18,500,1000000,False,True,False,False,False,False,False,False,False,False,False,False,False,False,False,False,False,False,False,False,False,False,False,False,False,False,False,True,False,False,Unspecified,bing.com,WorldWide Traffic from Bing.com
1342,,traffic,0.18,500,1000000,False,True,False,False,False,False,False,False,False,False,False,False,False,False,False,False,False,False,False,False,False,False,False,False,False,False,False,True,False,False,Unspecified,ebay.com,WorldWide Traffic from eBay.com
1343,,traffic,0.18,500,1000000,False,True,False,False,False,False,False,False,False,False,False,False,False,False,False,False,False,False,False,False,False,False,False,False,False,False,False,True,False,False,Unspecified,ok.ru,WorldWide Traffic from OK.ru
1344,,traffic,0.18,500,1000000,False,True,False,False,False,False,False,False,False,False,False,False,False,False,False,False,False,False,False,False,False,False,False,False,False,False,False,True,False,False,Unspecified,imgur,WorldWide Traffic from IMGur
1345,,traffic,0.18,500,1000000,False,True,False,False,False,False,False,False,False,False,False,False,False,False,False,False,False,False,False,False,False,False,False,False,False,False,False,True,False,False,Unspecified,buysellads.com,WorldWide Traffic from BuySellAds.com
1346,,traffic,0.18,500,1000000,False,True,False,False,False,False,False,False,False,False,False,False,False,False,False,False,False,False,False,False,False,False,False,False,False,False,False,True,False,False,Unspecified,craigslist,WorldWide Traffic from Craigslist
1347,,traffic,0.18,500,1000000,False,True,False,False,False,False,False,False,False,False,False,False,False,False,False,False,False,False,False,False,False,False,False,False,False,False,False,True,False,False,Unspecified,fiverr.com,WorldWide Traffic from Fiverr.com
1348,,traffic,0.18,500,1000000,False,True,False,False,False,False,False,False,False,False,False,False,False,False,False,False,False,False,False,False,False,False,False,False,False,False,False,True,False,False,Unspecified,yelp,WorldWide Traffic from Yelp
1320,Website,traffic,0.46,1000,1000000,False,False,False,False,False,False,False,False,False,False,True,False,False,False,False,False,False,False,False,False,False,False,False,False,False,False,False,True,False,True,USA,google.com,🔎 USA Traffic from Google.com [Organic] [Custom Keywords]
2474,,traffic,0.7,1000,60000,False,False,False,False,False,False,False,False,False,False,False,False,False,False,False,False,False,False,False,False,False,False,False,False,False,False,True,True,True,True,USA,iphone,📱 USA Traffic from iPhone [100% Mobile iOS - Organic]
1349,Website,traffic,0.35,500,1000000,False,True,False,False,False,False,False,False,False,False,False,False,False,False,False,False,False,False,False,False,False,False,False,False,False,False,False,True,False,False,USA,google.com,USA Traffic from Google.com
1350,Website,traffic,0.35,500,1000000,False,True,False,False,False,False,False,False,False,False,False,False,False,False,False,False,False,False,False,False,False,False,False,False,False,False,False,True,False,False,USA,facebook,USA Traffic from Facebook
1351,Website,traffic,0.35,500,1000000,False,True,False,False,False,False,False,False,False,False,False,False,False,False,False,False,False,False,False,False,False,False,False,False,False,False,False,True,False,False,USA,instagram,USA Traffic from Instagram
1352,Website,traffic,0.35,500,1000000,False,True,False,False,False,False,False,False,False,False,False,False,False,False,False,False,False,False,False,False,False,False,False,False,False,False,False,True,False,False,USA,quora,USA Traffic from Quora
1353,Website,traffic,0.35,500,1000000,False,True,False,False,False,False,False,False,False,False,False,False,False,False,False,False,False,False,False,False,False,False,False,False,False,False,False,True,False,False,USA,tumblr,USA Traffic from Tumblr
1354,Website,traffic,0.35,500,1000000,False,True,False,False,False,False,False,False,False,False,False,False,False,False,False,False,False,False,False,False,False,False,False,False,False,False,False,True,False,False,USA,pinterest,USA Traffic from Pinterest
1355,Website,traffic,0.35,500,1000000,False,True,False,False,False,False,False,False,False,False,False,False,False,False,False,False,False,False,False,False,False,False,False,False,False,False,False,True,False,False,USA,twitter,USA Traffic from Twitter
1356,Website,traffic,0.35,500,1000000,False,True,False,False,False,False,False,False,False,False,False,False,False,False,False,False,False,False,False,False,False,False,False,False,False,False,False,True,False,False,USA,reddit,USA Traffic from Reddit
1357,Website,traffic,0.35,500,1000000,False,True,False,False,False,False,False,False,False,False,False,False,False,False,False,False,False,False,False,False,False,False,False,False,False,False,False,True,False,False,USA,youtube,USA Traffic from YouTube
1358,Blogger,traffic,0.35,500,1000000,False,True,False,False,False,False,False,False,False,False,False,False,False,False,False,False,False,False,False,False,False,False,False,False,False,False,False,True,False,False,USA,blogspot/blogger.com,USA Traffic from Blogspot/Blogger.com
1359,Website,traffic,0.35,500,1000000,False,True,False,False,False,False,False,False,False,False,False,False,False,False,False,False,False,False,False,False,False,False,False,False,False,False,False,True,False,False,USA,vk.com,USA Traffic from VK.com
1360,Website,traffic,0.35,500,1000000,False,True,False,False,False,False,False,False,False,False,False,False,False,False,False,False,False,False,False,False,False,False,False,False,False,False,False,True,False,False,USA,baidu,USA Traffic from Baidu
1361,,traffic,0.35,500,1000000,False,True,False,False,False,False,False,False,False,False,False,False,False,False,False,False,False,False,False,False,False,False,False,False,False,False,False,True,False,False,USA,wikipedia,USA Traffic from Wikipedia
1362,,traffic,0.35,500,1000000,False,True,False,False,False,False,False,False,False,False,False,False,False,False,False,False,False,False,False,False,False,False,False,False,False,False,False,True,False,False,USA,yahoo.com,USA Traffic from Yahoo.com
1363,,traffic,0.35,500,1000000,False,True,False,False,False,False,False,False,False,False,False,False,False,False,False,False,False,False,False,False,False,False,False,False,False,False,False,True,False,False,USA,bing.com,USA Traffic from Bing.com
1364,,traffic,0.35,500,1000000,False,True,False,False,False,False,False,False,False,False,False,False,False,False,False,False,False,False,False,False,False,False,False,False,False,False,False,True,False,False,USA,fandom.com,USA Traffic from fandom.com
1365,,traffic,0.35,500,1000000,False,True,False,False,False,False,False,False,False,False,False,False,False,False,False,False,False,False,False,False,False,False,False,False,False,False,False,True,False,False,USA,nytimes.com,USA Traffic from NYTimes.com
1366,,traffic,0.35,500,1000000,False,True,False,False,False,False,False,False,False,False,False,False,False,False,False,False,False,False,False,False,False,False,False,False,False,False,False,True,False,False,USA,cnn.com,USA Traffic from CNN.com
1367,,traffic,0.35,500,1000000,False,True,False,False,False,False,False,False,False,False,False,False,False,False,False,False,False,False,False,False,False,False,False,False,False,False,False,True,False,False,USA,fiverr.com,USA Traffic from Fiverr.com
2758,Website,traffic,0.35,500,1000000,False,True,False,False,False,False,False,False,False,False,False,False,False,False,False,False,False,False,False,False,False,False,False,False,False,False,False,True,False,False,USA,amazon.com,USA Traffic from Amazon.com
1585,,traffic,1.4,1,1,False,False,False,False,False,False,False,False,False,False,True,False,False,False,False,False,False,False,False,False,False,False,False,False,False,False,False,True,False,True,USA,Unspecified,🏁 USA Premium Traffic [Custom Keywords] [Test Package]
1586,,traffic,7.0,1,1,False,False,False,False,False,False,False,False,False,False,True,False,False,False,False,False,False,False,False,False,False,False,False,False,False,False,False,True,False,False,USA,Unspecified,USA Premium Organic Traffic [Custom Keywords] - [10K Visits]
1587,,traffic,33.6,1,1,False,False,False,False,False,False,False,False,False,False,True,False,False,False,False,False,False,False,False,False,False,False,False,False,False,False,False,True,False,False,USA,Unspecified,USA Premium Organic Traffic [Custom Keywords] - [50K Visits]
1588,,traffic,154.0,1,1,False,False,False,False,False,False,False,False,False,False,True,False,False,False,False,False,False,False,False,False,False,False,False,False,False,False,False,True,False,False,USA,Unspecified,USA Premium Organic Traffic [Custom Keywords] - [250K Visits]
1589,,traffic,588.0,1,1,False,False,False,False,False,False,False,False,False,False,True,False,False,False,False,False,False,False,False,False,False,False,False,False,False,False,False,True,False,False,USA,Unspecified,USA Premium Organic Traffic [Custom Keywords] - [1M Visits]
1590,,traffic,2800.0,1,1,False,False,False,False,False,False,False,False,False,False,True,False,False,False,False,False,False,False,False,False,False,False,False,False,False,False,False,True,False,False,USA,Unspecified,USA Premium Organic Traffic [Custom Keywords] - [5M Visits]
1322,Website,traffic,0.46,1000,1000000,False,False,False,False,False,False,False,False,False,False,True,False,False,False,False,False,False,False,False,False,False,False,False,False,False,False,False,True,False,True,Korea,google.co.kr,🔎 South Korea Traffic from Google.co.kr [Organic] [Custom Keywords]
1607,,traffic,0.46,1000,1000000,False,False,False,False,False,False,False,False,False,False,True,False,False,False,False,False,False,False,False,False,False,False,False,False,False,False,False,True,False,True,Korea,naver,🔎 South Korea Traffic from Naver Search [Organic] [Custom Keywords]
1608,,traffic,0.46,1000,1000000,False,False,False,False,False,False,False,False,False,False,True,False,False,False,False,False,False,False,False,False,False,False,False,False,False,False,False,True,False,True,Korea,daum.net,🔎 South Korea Traffic from Daum.net Search [Organic] [Custom Keywords]
2475,,traffic,0.7,1000,60000,False,False,False,False,False,False,False,False,False,False,False,False,False,False,False,False,False,False,False,False,False,False,False,False,False,False,True,True,True,True,Korea,iphone,📱 South Korea Traffic from iPhone [100% 아이폰 유기 트래픽]
1369,,traffic,0.35,500,1000000,False,True,False,False,False,False,False,False,False,False,False,False,False,False,False,False,False,False,False,False,False,False,False,False,False,False,False,True,False,False,Korea,naver,South Korea Traffic from Naver Search
1370,,traffic,0.35,500,1000000,False,True,False,False,False,False,False,False,False,False,False,False,False,False,False,False,False,False,False,False,False,False,False,False,False,False,False,True,False,False,Korea,naver,South Korea Social Traffic from Naver blogs
1371,,traffic,0.35,500,1000000,False,True,False,False,False,False,False,False,False,False,False,False,False,False,False,False,False,False,False,False,False,False,False,False,False,False,False,True,False,False,Korea,daum.net,South Korea Organic Traffic from Daum.net Search
1372,,traffic,0.35,500,1000000,False,True,False,False,False,False,False,False,False,False,False,False,False,False,False,False,False,False,False,False,False,False,False,False,False,False,False,True,False,False,Korea,daum.net,South Korea Direct Traffic from Daum.net News
1368,Website,traffic,0.35,500,1000000,False,True,False,False,False,False,False,False,False,False,False,False,False,False,False,False,False,False,False,False,False,False,False,False,False,False,False,True,False,False,Korea,google,South Korea Traffic from Google
1373,Website,traffic,0.35,500,1000000,False,True,False,False,False,False,False,False,False,False,False,False,False,False,False,False,False,False,False,False,False,False,False,False,False,False,False,True,False,False,Korea,facebook,South Korea Traffic from Facebook
1374,Website,traffic,0.35,500,1000000,False,True,False,False,False,False,False,False,False,False,False,False,False,False,False,False,False,False,False,False,False,False,False,False,False,False,False,True,False,False,Korea,youtube,South Korea Traffic from YouTube
1375,Website,traffic,0.35,500,1000000,False,True,False,False,False,False,False,False,False,False,False,False,False,False,False,False,False,False,False,False,False,False,False,False,False,False,False,True,False,False,Korea,instagram,South Korea Traffic from Instagram
1376,Website,traffic,0.35,500,1000000,False,True,False,False,False,False,False,False,False,False,False,False,False,False,False,False,False,False,False,False,False,False,False,False,False,False,False,True,False,False,Korea,twitter,South Korea Traffic from Twitter
1377,,traffic,0.35,500,1000000,False,True,False,False,False,False,False,False,False,False,False,False,False,False,False,False,False,False,False,False,False,False,False,False,False,False,False,True,False,False,Korea,wikipedia,South Korea Traffic from Wikipedia
1378,Website,traffic,0.35,500,1000000,False,True,False,False,False,False,False,False,False,False,False,False,False,False,False,False,False,False,False,False,False,False,False,False,False,False,False,True,False,False,Korea,twitch.tv,South Korea Traffic from Twitch.tv
1379,Website,traffic,0.35,500,1000000,False,True,False,False,False,False,False,False,False,False,False,False,False,False,False,False,False,False,False,False,False,False,False,False,False,False,False,True,False,False,Korea,amazon.com,South Korea Traffic from Amazon.com
1380,Website,traffic,0.35,500,1000000,False,True,False,False,False,False,False,False,False,False,False,False,False,False,False,False,False,False,False,False,False,False,False,False,False,False,False,True,False,False,Korea,baidu,South Korea Traffic from Baidu
1381,,traffic,0.35,500,1000000,False,True,False,False,False,False,False,False,False,False,False,False,False,False,False,False,False,False,False,False,False,False,False,False,False,False,False,True,False,False,Korea,namu.wiki,South Korea Traffic from namu.wiki
1382,,traffic,0.35,500,1000000,False,True,False,False,False,False,False,False,False,False,False,False,False,False,False,False,False,False,False,False,False,False,False,False,False,False,False,True,False,False,Korea,gmarket.co.kr,South Korea Traffic from gmarket.co.kr
1383,,traffic,0.35,500,1000000,False,True,False,False,False,False,False,False,False,False,False,False,False,False,False,False,False,False,False,False,False,False,False,False,False,False,False,True,False,False,Korea,tistory.com,South Korea Traffic from Tistory.com
1384,,traffic,0.35,500,1000000,False,True,False,False,False,False,False,False,False,False,False,False,False,False,False,False,False,False,False,False,False,False,False,False,False,False,False,True,False,False,Korea,blogspot,South Korea Traffic from Blogspot
1385,,traffic,0.35,500,1000000,False,True,False,False,False,False,False,False,False,False,False,False,False,False,False,False,False,False,False,False,False,False,False,False,False,False,False,True,False,False,Korea,donga.com,South Korea Traffic from donga.com
1386,,traffic,0.35,500,1000000,False,True,False,False,False,False,False,False,False,False,False,False,False,False,False,False,False,False,False,False,False,False,False,False,False,False,False,True,False,False,Korea,nate.com,South Korea Traffic from nate.com
1387,Website,traffic,0.35,500,1000000,False,True,False,False,False,False,False,False,False,False,False,False,False,False,False,False,False,False,False,False,False,False,False,False,False,False,False,True,False,False,Korea,reddit,South Korea Traffic from Reddit
1388,,traffic,0.35,500,1000000,False,True,False,False,False,False,False,False,False,False,False,False,False,False,False,False,False,False,False,False,False,False,False,False,False,False,False,True,False,False,Korea,ebay.com,South Korea Traffic from Ebay.com
1389,Website,traffic,0.35,500,1000000,False,True,False,False,False,False,False,False,False,False,False,False,False,False,False,False,False,False,False,False,False,False,False,False,False,False,False,True,False,False,Korea,quora,South Korea Traffic from Quora
1390,Website,traffic,0.35,500,1000000,False,True,False,False,False,False,False,False,False,False,False,False,False,False,False,False,False,False,False,False,False,False,False,False,False,False,False,True,False,False,Korea,linkedin,South Korea Traffic from LinkedIn
1391,Website,traffic,0.35,500,1000000,False,True,False,False,False,False,False,False,False,False,False,False,False,False,False,False,False,False,False,False,False,False,False,False,False,False,False,True,False,False,Korea,tumblr,South Korea Traffic from Tumblr
1392,Website,traffic,0.35,500,1000000,False,True,False,False,False,False,False,False,False,False,False,False,False,False,False,False,False,False,False,False,False,False,False,False,False,False,False,True,False,False,Korea,pinterest,South Korea Traffic from Pinterest
1393,,traffic,0.35,500,1000000,False,True,False,False,False,False,False,False,False,False,False,False,False,False,False,False,False,False,False,False,False,False,False,False,False,False,False,True,False,False,Korea,yahoo.com,South Korea Traffic from Yahoo.com
1394,,traffic,0.35,500,1000000,False,True,False,False,False,False,False,False,False,False,False,False,False,False,False,False,False,False,False,False,False,False,False,False,False,False,False,True,False,False,Korea,bing.com,South Korea Traffic from Bing.com
2759,,traffic,0.35,500,1000000,False,True,False,False,False,False,False,False,False,False,False,False,False,False,False,False,False,False,False,False,False,False,False,False,False,False,False,True,False,False,Korea,auction.co.kr,South Korea Traffic from Auction.co.kr
1584,,traffic,1.4,1,1,False,False,False,False,False,False,False,False,False,False,True,False,False,False,False,False,False,False,False,False,False,False,False,False,False,False,False,True,False,True,Korea,Unspecified,🏁 South Korea Premium Traffic [Custom Keywords] [Test Package]
1591,,traffic,20.16,1,1,False,False,False,False,False,False,False,False,False,False,True,False,False,False,False,False,False,False,False,False,False,False,False,False,False,False,False,True,False,True,Korea,Unspecified,South Korea Premium Traffic [Keywords Ranking] [30K Pack]
1592,,traffic,40.32,1,1,False,False,False,False,False,False,False,False,False,False,True,False,False,False,False,False,False,False,False,False,False,False,False,False,False,False,False,True,False,True,Korea,Unspecified,South Korea Premium Traffic [Keywords Ranking] [60K Pack]
1593,,traffic,63.0,1,1,False,False,False,False,False,False,False,False,False,False,True,False,False,False,False,False,False,False,False,False,False,False,False,False,False,False,False,True,False,True,Korea,Unspecified,South Korea Premium Traffic [Keywords Ranking] [100K Pack]
1594,,traffic,168.0,1,1,False,False,False,False,False,False,False,False,False,False,True,False,False,False,False,False,False,False,False,False,False,False,False,False,False,False,False,True,False,True,Korea,Unspecified,South Korea Premium Traffic [Keywords Ranking] [300K Pack]
1321,Website,traffic,0.46,1000,1000000,False,False,False,False,False,False,False,False,False,False,True,False,False,False,False,False,False,False,False,False,False,False,False,False,False,False,False,True,False,True,UK,google.co.uk,🔎 UK Traffic from Google.co.uk [Organic] [Custom Keywords]
1395,Website,traffic,0.35,500,1000000,False,True,False,False,False,False,False,False,False,False,False,False,False,False,False,False,False,False,False,False,False,False,False,False,False,False,False,True,False,False,UK,google.co.uk,🚀 UK Traffic from Google.co.uk
1396,Website,traffic,0.35,500,1000000,False,True,False,False,False,False,False,False,False,False,False,False,False,False,False,False,False,False,False,False,False,False,False,False,False,False,False,True,False,False,UK,quora,UK Traffic from Quora
1397,Website,traffic,0.35,500,1000000,False,True,False,False,False,False,False,False,False,False,False,False,False,False,False,False,False,False,False,False,False,False,False,False,False,False,False,True,False,False,UK,tumblr,UK Traffic from Tumblr
1398,Website,traffic,0.35,500,1000000,False,True,False,False,False,False,False,False,False,False,False,False,False,False,False,False,False,False,False,False,False,False,False,False,False,False,False,True,False,False,UK,pinterest,UK Traffic from Pinterest
1399,Website,traffic,0.35,500,1000000,False,True,False,False,False,False,False,False,False,False,False,False,False,False,False,False,False,False,False,False,False,False,False,False,False,False,False,True,False,False,UK,twitter,UK Traffic from Twitter
1400,Website,traffic,0.35,500,1000000,False,True,False,False,False,False,False,False,False,False,False,False,False,False,False,False,False,False,False,False,False,False,False,False,False,False,False,True,False,False,UK,reddit,UK Traffic from Reddit
1401,Website,traffic,0.35,500,1000000,False,True,False,False,False,False,False,False,False,False,False,False,False,False,False,False,False,False,False,False,False,False,False,False,False,False,False,True,False,False,UK,youtube,UK Traffic from YouTube
1402,Website,traffic,0.35,500,1000000,False,True,False,False,False,False,False,False,False,False,False,False,False,False,False,False,False,False,False,False,False,False,False,False,False,False,False,True,False,False,UK,facebook,UK Traffic from Facebook
1403,Website,traffic,0.35,500,1000000,False,True,False,False,False,False,False,False,False,False,False,False,False,False,False,False,False,False,False,False,False,False,False,False,False,False,False,True,False,False,UK,instagram,UK Traffic from Instagram
1404,Blogger,traffic,0.35,500,1000000,False,True,False,False,False,False,False,False,False,False,False,False,False,False,False,False,False,False,False,False,False,False,False,False,False,False,False,True,False,False,UK,blogspot/blogger.com,UK Traffic from Blogspot/Blogger.com
1405,Website,traffic,0.35,500,1000000,False,True,False,False,False,False,False,False,False,False,False,False,False,False,False,False,False,False,False,False,False,False,False,False,False,False,False,True,False,False,UK,vk.com,UK Traffic from VK.com
1406,Website,traffic,0.35,500,1000000,False,True,False,False,False,False,False,False,False,False,False,False,False,False,False,False,False,False,False,False,False,False,False,False,False,False,False,True,False,False,UK,amazon.co.uk,UK Traffic from Amazon.co.uk
1407,,traffic,0.35,500,1000000,False,True,False,False,False,False,False,False,False,False,False,False,False,False,False,False,False,False,False,False,False,False,False,False,False,False,False,True,False,False,UK,ebay.co.uk,UK Traffic from Ebay.co.uk
1408,,traffic,0.35,500,1000000,False,True,False,False,False,False,False,False,False,False,False,False,False,False,False,False,False,False,False,False,False,False,False,False,False,False,False,True,False,False,UK,bbc.co.uk,UK Traffic from BBC.co.uk
1409,,traffic,0.35,500,1000000,False,True,False,False,False,False,False,False,False,False,False,False,False,False,False,False,False,False,False,False,False,False,False,False,False,False,False,True,False,False,UK,theguardian.com,UK Traffic from Theguardian.com
1410,,traffic,0.35,500,1000000,False,True,False,False,False,False,False,False,False,False,False,False,False,False,False,False,False,False,False,False,False,False,False,False,False,False,False,True,False,False,UK,dailymail.co.uk,UK Traffic from Dailymail.co.uk
1411,,traffic,0.35,500,1000000,False,True,False,False,False,False,False,False,False,False,False,False,False,False,False,False,False,False,False,False,False,False,False,False,False,False,False,True,False,False,UK,gumtree.co.uk,UK Traffic from Gumtree.co.uk
1412,,traffic,0.35,500,1000000,False,True,False,False,False,False,False,False,False,False,False,False,False,False,False,False,False,False,False,False,False,False,False,False,False,False,False,True,False,False,UK,fiverr.com,UK Traffic from Fiverr.com
1413,,traffic,0.35,500,1000000,False,True,False,False,False,False,False,False,False,False,False,False,False,False,False,False,False,False,False,False,False,False,False,False,False,False,False,True,False,False,UK,wikipedia,UK Traffic from Wikipedia
1609,Website,traffic,0.46,1000,1000000,False,False,False,False,False,False,False,False,False,False,True,False,False,False,False,False,False,False,False,False,False,False,False,False,False,False,False,True,False,True,India,google.co.in,🔎 India Traffic from Google.co.in [Organic] [Custom Keywords]
1415,Website,traffic,0.35,500,1000000,False,True,False,False,False,False,False,False,False,False,False,False,False,False,False,False,False,False,False,False,False,False,False,False,False,False,False,True,False,False,India,google.co.in,India Traffic from Google.co.in
1416,Website,traffic,0.35,500,1000000,False,True,False,False,False,False,False,False,False,False,False,False,False,False,False,False,False,False,False,False,False,False,False,False,False,False,False,True,False,False,India,quora,India Traffic from Quora
1417,Website,traffic,0.35,500,1000000,False,True,False,False,False,False,False,False,False,False,False,False,False,False,False,False,False,False,False,False,False,False,False,False,False,False,False,True,False,False,India,tumblr,India Traffic from Tumblr
1418,Website,traffic,0.35,500,1000000,False,True,False,False,False,False,False,False,False,False,False,False,False,False,False,False,False,False,False,False,False,False,False,False,False,False,False,True,False,False,India,pinterest,India Traffic from Pinterest
1419,Website,traffic,0.35,500,1000000,False,True,False,False,False,False,False,False,False,False,False,False,False,False,False,False,False,False,False,False,False,False,False,False,False,False,False,True,False,False,India,twitter,India Traffic from Twitter
1420,Website,traffic,0.35,500,1000000,False,True,False,False,False,False,False,False,False,False,False,False,False,False,False,False,False,False,False,False,False,False,False,False,False,False,False,True,False,False,India,reddit,India Traffic from Reddit
1421,Website,traffic,0.35,500,1000000,False,True,False,False,False,False,False,False,False,False,False,False,False,False,False,False,False,False,False,False,False,False,False,False,False,False,False,True,False,False,India,youtube,India Traffic from YouTube
1423,Website,traffic,0.35,500,1000000,False,True,False,False,False,False,False,False,False,False,False,False,False,False,False,False,False,False,False,False,False,False,False,False,False,False,False,True,False,False,India,facebook,India Traffic from Facebook
1424,Website,traffic,0.35,500,1000000,False,True,False,False,False,False,False,False,False,False,False,False,False,False,False,False,False,False,False,False,False,False,False,False,False,False,False,True,False,False,India,instagram,India Traffic from Instagram
1425,Website,traffic,0.35,500,100000,False,True,False,False,False,False,False,False,False,False,False,False,False,False,False,False,False,False,False,False,False,False,False,False,False,False,False,True,False,False,India,blogger.com,India Traffic from Blogger.com
1633,Website,traffic,0.35,500,1000000,False,True,False,False,False,False,False,False,False,False,False,False,False,False,False,False,False,False,False,False,False,False,False,False,False,False,False,True,False,False,India,amazon.in,India Traffic from Amazon.in
1634,,traffic,0.35,500,1000000,False,True,False,False,False,False,False,False,False,False,False,False,False,False,False,False,False,False,False,False,False,False,False,False,False,False,False,True,False,False,India,flipkart.com,India Traffic from Flipkart.com
1635,Website,traffic,0.35,500,1000000,False,True,False,False,False,False,False,False,False,False,False,False,False,False,False,False,False,False,False,False,False,False,False,False,False,False,False,True,False,False,India,hotstar.com,India Traffic from Hotstar.com
1636,,traffic,0.35,500,1000000,False,True,False,False,False,False,False,False,False,False,False,False,False,False,False,False,False,False,False,False,False,False,False,False,False,False,False,True,False,False,India,indiatimes.com,India Traffic from Indiatimes.com
1637,,traffic,0.35,500,1000000,False,True,False,False,False,False,False,False,False,False,False,False,False,False,False,False,False,False,False,False,False,False,False,False,False,False,False,True,False,False,India,ndtv.com,India Traffic from NDTV.com
1638,,traffic,0.35,500,1000000,False,True,False,False,False,False,False,False,False,False,False,False,False,False,False,False,False,False,False,False,False,False,False,False,False,False,False,True,False,False,India,sarkariresult.com,India Traffic from sarkariresult.com
1639,,traffic,0.35,500,1000000,False,True,False,False,False,False,False,False,False,False,False,False,False,False,False,False,False,False,False,False,False,False,False,False,False,False,False,True,False,False,India,dream11.com,India Traffic from dream11.com
1640,,traffic,0.35,500,1000000,False,True,False,False,False,False,False,False,False,False,False,False,False,False,False,False,False,False,False,False,False,False,False,False,False,False,False,True,False,False,India,news18.com,India Traffic from news18.com
1641,,traffic,0.35,500,1000000,False,True,False,False,False,False,False,False,False,False,False,False,False,False,False,False,False,False,False,False,False,False,False,False,False,False,False,True,False,False,India,snapdeal.com,India Traffic from snapdeal.com
1632,Website,traffic,0.46,1000,1000000,False,False,False,False,False,False,False,False,False,False,True,False,False,False,False,False,False,False,False,False,False,False,False,False,False,False,False,True,False,True,Brazil,google.com.br,🔎 Brazil Traffic from Google.com.br [Organic] [Custom Keywords]
1426,Website,traffic,0.35,500,1000000,False,True,False,False,False,False,False,False,False,False,False,False,False,False,False,False,False,False,False,False,False,False,False,False,False,False,False,True,False,False,Brazil,google.com.br,Brazil Traffic from Google.com.br
1427,Website,traffic,0.35,500,1000000,False,True,False,False,False,False,False,False,False,False,False,False,False,False,False,False,False,False,False,False,False,False,False,False,False,False,False,True,False,False,Brazil,quora,Brazil Traffic from Quora
1428,Website,traffic,0.35,500,1000000,False,True,False,False,False,False,False,False,False,False,False,False,False,False,False,False,False,False,False,False,False,False,False,False,False,False,False,True,False,False,Brazil,tumblr,Brazil Traffic from Tumblr
1429,Website,traffic,0.35,500,1000000,False,True,False,False,False,False,False,False,False,False,False,False,False,False,False,False,False,False,False,False,False,False,False,False,False,False,False,True,False,False,Brazil,pinterest,Brazil Traffic from Pinterest
1430,Website,traffic,0.35,500,1000000,False,True,False,False,False,False,False,False,False,False,False,False,False,False,False,False,False,False,False,False,False,False,False,False,False,False,False,True,False,False,Brazil,twitter,Brazil Traffic from Twitter
1431,Website,traffic,0.35,500,1000000,False,True,False,False,False,False,False,False,False,False,False,False,False,False,False,False,False,False,False,False,False,False,False,False,False,False,False,True,False,False,Brazil,reddit,Brazil Traffic from Reddit
1432,Website,traffic,0.35,500,1000000,False,True,False,False,False,False,False,False,False,False,False,False,False,False,False,False,False,False,False,False,False,False,False,False,False,False,False,True,False,False,Brazil,youtube,Brazil Traffic from YouTube
1434,Website,traffic,0.35,500,1000000,False,True,False,False,False,False,False,False,False,False,False,False,False,False,False,False,False,False,False,False,False,False,False,False,False,False,False,True,False,False,Brazil,facebook,Brazil Traffic from Facebook
1435,Website,traffic,0.35,500,1000000,False,True,False,False,False,False,False,False,False,False,False,False,False,False,False,False,False,False,False,False,False,False,False,False,False,False,False,True,False,False,Brazil,instagram,Brazil Traffic from Instagram
1436,Website,traffic,0.35,500,1000000,False,True,False,False,False,False,False,False,False,False,False,False,False,False,False,False,False,False,False,False,False,False,False,False,False,False,False,True,False,False,Brazil,blogger.com,Brazil Traffic from Blogger.com
1642,,traffic,0.35,500,1000000,False,True,False,False,False,False,False,False,False,False,False,False,False,False,False,False,False,False,False,False,False,False,False,False,False,False,False,True,False,False,Brazil,fiverr,Brazil Traffic from Fiverr
1643,,traffic,0.35,500,1000000,False,True,False,False,False,False,False,False,False,False,False,False,False,False,False,False,False,False,False,False,False,False,False,False,False,False,False,True,False,False,Brazil,globo.com,Brazil Traffic from Globo.com
1644,,traffic,0.35,500,1000000,False,True,False,False,False,False,False,False,False,False,False,False,False,False,False,False,False,False,False,False,False,False,False,False,False,False,False,True,False,False,Brazil,mercadolivre.com.br,Brazil Traffic from Mercadolivre.com.br
1645,,traffic,0.35,500,1000000,False,True,False,False,False,False,False,False,False,False,False,False,False,False,False,False,False,False,False,False,False,False,False,False,False,False,False,True,False,False,Brazil,olx.com.br,Brazil Traffic from Olx.com.br
1646,,traffic,0.35,500,1000000,False,True,False,False,False,False,False,False,False,False,False,False,False,False,False,False,False,False,False,False,False,False,False,False,False,False,False,True,False,False,Brazil,wikipedia,Brazil Traffic from Wikipedia
1647,Website,traffic,0.46,1000,1000000,False,False,False,False,False,False,False,False,False,False,True,False,False,False,False,False,False,False,False,False,False,False,False,False,False,False,False,True,False,True,Indonesia,google.co.id,🔎 Indonesia Traffic from Google.co.id Search [Organic] [Custom Keywords]
1438,Website,traffic,0.35,500,1000000,False,True,False,False,False,False,False,False,False,False,False,False,False,False,False,False,False,False,False,False,False,False,False,False,False,False,False,True,False,False,Indonesia,google.id,Indonesia Traffic from Google.id
1439,Website,traffic,0.35,500,1000000,False,True,False,False,False,False,False,False,False,False,False,False,False,False,False,False,False,False,False,False,False,False,False,False,False,False,False,True,False,False,Indonesia,quora,Indonesia Traffic from Quora
1440,Website,traffic,0.35,500,1000000,False,True,False,False,False,False,False,False,False,False,False,False,False,False,False,False,False,False,False,False,False,False,False,False,False,False,False,True,False,False,Indonesia,tumblr,Indonesia Traffic from Tumblr
1441,Website,traffic,0.35,500,1000000,False,True,False,False,False,False,False,False,False,False,False,False,False,False,False,False,False,False,False,False,False,False,False,False,False,False,False,True,False,False,Indonesia,pinterest,Indonesia Traffic from Pinterest
1442,Website,traffic,0.35,500,1000000,False,True,False,False,False,False,False,False,False,False,False,False,False,False,False,False,False,False,False,False,False,False,False,False,False,False,False,True,False,False,Indonesia,twitter,Indonesia Traffic from Twitter
1443,Website,traffic,0.35,500,1000000,False,True,False,False,False,False,False,False,False,False,False,False,False,False,False,False,False,False,False,False,False,False,False,False,False,False,False,True,False,False,Indonesia,reddit,Indonesia Traffic from Reddit
1444,Website,traffic,0.35,500,1000000,False,True,False,False,False,False,False,False,False,False,False,False,False,False,False,False,False,False,False,False,False,False,False,False,False,False,False,True,False,False,Indonesia,youtube,Indonesia Traffic from YouTube
1446,Website,traffic,0.35,500,1000000,False,True,False,False,False,False,False,False,False,False,False,False,False,False,False,False,False,False,False,False,False,False,False,False,False,False,False,True,False,False,Indonesia,facebook,Indonesia Traffic from Facebook
1447,Website,traffic,0.35,500,1000000,False,True,False,False,False,False,False,False,False,False,False,False,False,False,False,False,False,False,False,False,False,False,False,False,False,False,False,True,False,False,Indonesia,instagram,Indonesia Traffic from Instagram
1448,Website,traffic,0.35,500,1000000,False,True,False,False,False,False,False,False,False,False,False,False,False,False,False,False,False,False,False,False,False,False,False,False,False,False,False,True,False,False,Indonesia,blogger.com,Indonesia Traffic from Blogger.com
1648,Website,traffic,0.35,500,1000000,False,True,False,False,False,False,False,False,False,False,False,False,False,False,False,False,False,False,False,False,False,False,False,False,False,False,False,True,False,False,Indonesia,amazon.com,Indonesia Traffic from Amazon.com
1649,,traffic,0.35,500,1000000,False,True,False,False,False,False,False,False,False,False,False,False,False,False,False,False,False,False,False,False,False,False,False,False,False,False,False,True,False,False,Indonesia,bing.com,Indonesia Traffic from Bing.com
1650,,traffic,0.35,500,1000000,False,True,False,False,False,False,False,False,False,False,False,False,False,False,False,False,False,False,False,False,False,False,False,False,False,False,False,True,False,False,Indonesia,yahoo,Indonesia Traffic from Yahoo
1651,Website,traffic,0.35,500,1000000,False,True,False,False,False,False,False,False,False,False,False,False,False,False,False,False,False,False,False,False,False,False,False,False,False,False,False,True,False,False,Indonesia,twitch.tv,Indonesia Traffic from Twitch.tv
1652,,traffic,0.35,500,1000000,False,True,False,False,False,False,False,False,False,False,False,False,False,False,False,False,False,False,False,False,False,False,False,False,False,False,False,True,False,False,Indonesia,wikipedia,Indonesia Traffic from Wikipedia
1653,,traffic,0.35,500,1000000,False,True,False,False,False,False,False,False,False,False,False,False,False,False,False,False,False,False,False,False,False,False,False,False,False,False,False,True,False,False,Indonesia,ebay.com,Indonesia Traffic from eBay.com
1654,,traffic,0.35,500,1000000,False,True,False,False,False,False,False,False,False,False,False,False,False,False,False,False,False,False,False,False,False,False,False,False,False,False,False,True,False,False,Indonesia,shopee.co.id,Indonesia Traffic from Shopee.co.id
1655,,traffic,0.35,500,1000000,False,True,False,False,False,False,False,False,False,False,False,False,False,False,False,False,False,False,False,False,False,False,False,False,False,False,False,True,False,False,UK,bukalapak.com,Indonesia Traffic from Bukalapak.com
1656,,traffic,0.35,500,1000000,False,True,False,False,False,False,False,False,False,False,False,False,False,False,False,False,False,False,False,False,False,False,False,False,False,False,False,True,False,False,Indonesia,tribunnews.com,Indonesia Traffic from Tribunnews.com
1657,,traffic,0.35,500,1000000,False,True,False,False,False,False,False,False,False,False,False,False,False,False,False,False,False,False,False,False,False,False,False,False,False,False,False,True,False,False,Indonesia,detik.com,Indonesia Traffic from Detik.com
1658,,traffic,0.35,500,1000000,False,True,False,False,False,False,False,False,False,False,False,False,False,False,False,False,False,False,False,False,False,False,False,False,False,False,False,True,False,False,Indonesia,tokopedia.com,Indonesia Traffic from Tokopedia.com
1659,,traffic,0.35,500,1000000,False,True,False,False,False,False,False,False,False,False,False,False,False,False,False,False,False,False,False,False,False,False,False,False,False,False,False,True,False,False,Indonesia,kompas.com,Indonesia Traffic from Kompas.com
1660,,traffic,0.35,500,1000000,False,True,False,False,False,False,False,False,False,False,False,False,False,False,False,False,False,False,False,False,False,False,False,False,False,False,False,True,False,False,Indonesia,brainly.co.id,Indonesia Traffic from Brainly.co.id
1661,,traffic,0.35,500,1000000,False,True,False,False,False,False,False,False,False,False,False,False,False,False,False,False,False,False,False,False,False,False,False,False,False,False,False,True,False,False,Indonesia,news.detik.com,Indonesia Traffic from News.detik.com
1662,Website,traffic,0.46,1000,1000000,False,False,False,False,False,False,False,False,False,False,True,False,False,False,False,False,False,False,False,False,False,False,False,False,False,False,False,True,False,True,Germany,google.de,🔎 Germany Traffic from Google.de Search [Organic] [Custom Keywords]
1450,Website,traffic,0.35,500,1000000,False,True,False,False,False,False,False,False,False,False,False,False,False,False,False,False,False,False,False,False,False,False,False,False,False,False,False,True,False,False,Germany,google.de,Germany Traffic from Google.de
1451,Website,traffic,0.35,500,1000000,False,True,False,False,False,False,False,False,False,False,False,False,False,False,False,False,False,False,False,False,False,False,False,False,False,False,False,True,False,False,Germany,quora,Germany Traffic from Quora
1452,Website,traffic,0.35,500,1000000,False,True,False,False,False,False,False,False,False,False,False,False,False,False,False,False,False,False,False,False,False,False,False,False,False,False,False,True,False,False,Germany,tumblr,Germany Traffic from Tumblr
1453,Website,traffic,0.35,500,1000000,False,True,False,False,False,False,False,False,False,False,False,False,False,False,False,False,False,False,False,False,False,False,False,False,False,False,False,True,False,False,Germany,pinterest.de,Germany Traffic from Pinterest.de
1454,Website,traffic,0.35,500,1000000,False,True,False,False,False,False,False,False,False,False,False,False,False,False,False,False,False,False,False,False,False,False,False,False,False,False,False,True,False,False,Germany,twitter,Germany Traffic from Twitter
1449,Website,traffic,0.35,500,1000000,False,True,False,False,False,False,False,False,False,False,False,False,False,False,False,False,False,False,False,False,False,False,False,False,False,False,False,True,False,False,Germany,vk.com,Germany Traffic from VK.com
1455,Website,traffic,0.35,500,1000000,False,True,False,False,False,False,False,False,False,False,False,False,False,False,False,False,False,False,False,False,False,False,False,False,False,False,False,True,False,False,Germany,reddit,Germany Traffic from Reddit
1456,Website,traffic,0.35,500,1000000,False,True,False,False,False,False,False,False,False,False,False,False,False,False,False,False,False,False,False,False,False,False,False,False,False,False,False,True,False,False,Germany,youtube,Germany Traffic from YouTube
1458,Website,traffic,0.35,500,1000000,False,True,False,False,False,False,False,False,False,False,False,False,False,False,False,False,False,False,False,False,False,False,False,False,False,False,False,True,False,False,Germany,facebook,Germany Traffic from Facebook
1459,Website,traffic,0.35,500,1000000,False,True,False,False,False,False,False,False,False,False,False,False,False,False,False,False,False,False,False,False,False,False,False,False,False,False,False,True,False,False,Germany,instagram,Germany Traffic from Instagram
1460,Website,traffic,0.35,500,1000000,False,True,False,False,False,False,False,False,False,False,False,False,False,False,False,False,False,False,False,False,False,False,False,False,False,False,False,True,False,False,Germany,blogger.com,Germany Traffic from Blogger.com
1663,Website,traffic,0.35,500,1000000,False,True,False,False,False,False,False,False,False,False,False,False,False,False,False,False,False,False,False,False,False,False,False,False,False,False,False,True,False,False,Germany,amazon.de,Germany Traffic from Amazon.de
1664,,traffic,0.35,500,1000000,False,True,False,False,False,False,False,False,False,False,False,False,False,False,False,False,False,False,False,False,False,False,False,False,False,False,False,True,False,False,Germany,bing.com,Germany Traffic from Bing.com
1665,,traffic,0.35,500,1000000,False,True,False,False,False,False,False,False,False,False,False,False,False,False,False,False,False,False,False,False,False,False,False,False,False,False,False,True,False,False,Germany,wikipedia,Germany Traffic from Wikipedia
1666,Website,traffic,0.35,500,1000000,False,True,False,False,False,False,False,False,False,False,False,False,False,False,False,False,False,False,False,False,False,False,False,False,False,False,False,True,False,False,Germany,twitch.tv,Germany Traffic from Twitch.tv
1667,,traffic,0.35,500,1000000,False,True,False,False,False,False,False,False,False,False,False,False,False,False,False,False,False,False,False,False,False,False,False,False,False,False,False,True,False,False,Germany,fiverr,Germany Traffic from Fiverr
1668,,traffic,0.35,500,1000000,False,True,False,False,False,False,False,False,False,False,False,False,False,False,False,False,False,False,False,False,False,False,False,False,False,False,False,True,False,False,Germany,ebay.de,Germany Traffic from eBay.de
1669,,traffic,0.35,500,1000000,False,True,False,False,False,False,False,False,False,False,False,False,False,False,False,False,False,False,False,False,False,False,False,False,False,False,False,True,False,False,Germany,ebay-kleinanzeigen.de,Germany Traffic from Ebay-kleinanzeigen.de
1670,,traffic,0.35,500,1000000,False,True,False,False,False,False,False,False,False,False,False,False,False,False,False,False,False,False,False,False,False,False,False,False,False,False,False,True,False,False,Germany,spiegel.de,Germany Traffic from Spiegel.de
1671,,traffic,0.35,500,1000000,False,True,False,False,False,False,False,False,False,False,False,False,False,False,False,False,False,False,False,False,False,False,False,False,False,False,False,True,False,False,Germany,bild.de,Germany Traffic from Bild.de
1672,,traffic,0.35,500,1000000,False,True,False,False,False,False,False,False,False,False,False,False,False,False,False,False,False,False,False,False,False,False,False,False,False,False,False,True,False,False,Germany,web.de,Germany Traffic from Web.de
1673,,traffic,0.35,500,1000000,False,True,False,False,False,False,False,False,False,False,False,False,False,False,False,False,False,False,False,False,False,False,False,False,False,False,False,True,False,False,Germany,gmx.net,Germany Traffic from GMX.net
1674,,traffic,0.35,500,1000000,False,True,False,False,False,False,False,False,False,False,False,False,False,False,False,False,False,False,False,False,False,False,False,False,False,False,False,True,False,False,Germany,chip.de,Germany Traffic from Chip.de
1675,,traffic,0.35,500,1000000,False,True,False,False,False,False,False,False,False,False,False,False,False,False,False,False,False,False,False,False,False,False,False,False,False,False,False,True,False,False,Germany,focus.de,Germany Traffic from Focus.de
1679,Website,traffic,0.46,1000,1000000,False,False,False,False,False,False,False,False,False,False,True,False,False,False,False,False,False,False,False,False,False,False,False,False,False,False,False,True,False,True,Turkey,google.com.tr,🔎 Turkey Traffic from Google.com.tr Search [Organic] [Custom Keywords]
1680,,traffic,0.46,1000,1000000,False,False,False,False,False,False,False,False,False,False,True,False,False,False,False,False,False,False,False,False,False,False,False,False,False,False,False,True,False,True,Turkey,yandex.com.tr,🔎 Turkey Traffic from Yandex.com.tr Search [Organic] [Custom Keywords]
1681,Website,traffic,0.35,500,1000000,False,True,False,False,False,False,False,False,False,False,False,False,False,False,False,False,False,False,False,False,False,False,False,False,False,False,False,True,False,False,Turkey,google.com.tr,Turkey Traffic from Google.com.tr
1682,,traffic,0.35,500,1000000,False,True,False,False,False,False,False,False,False,False,False,False,False,False,False,False,False,False,False,False,False,False,False,False,False,False,False,True,False,False,Turkey,yandex.com.tr,Turkey Traffic from Yandex.com.tr
1683,Website,traffic,0.35,500,1000000,False,True,False,False,False,False,False,False,False,False,False,False,False,False,False,False,False,False,False,False,False,False,False,False,False,False,False,True,False,False,Turkey,youtube,Turkey Traffic from YouTube
1684,Website,traffic,0.35,500,1000000,False,True,False,False,False,False,False,False,False,False,False,False,False,False,False,False,False,False,False,False,False,False,False,False,False,False,False,True,False,False,Turkey,facebook,Turkey Traffic from Facebook
1685,Website,traffic,0.35,500,1000000,False,True,False,False,False,False,False,False,False,False,False,False,False,False,False,False,False,False,False,False,False,False,False,False,False,False,False,True,False,False,Turkey,instagram,Turkey Traffic from Instagram
1686,Website,traffic,0.35,500,1000000,False,True,False,False,False,False,False,False,False,False,False,False,False,False,False,False,False,False,False,False,False,False,False,False,False,False,False,True,False,False,Turkey,twitter,Turkey Traffic from Twitter
1687,Website,traffic,0.35,500,1000000,False,True,False,False,False,False,False,False,False,False,False,False,False,False,False,False,False,False,False,False,False,False,False,False,False,False,False,True,False,False,Turkey,amazon.com,Turkey Traffic from Amazon.com
1688,Website,traffic,0.35,500,1000000,False,True,False,False,False,False,False,False,False,False,False,False,False,False,False,False,False,False,False,False,False,False,False,False,False,False,False,True,False,False,Turkey,reddit,Turkey Traffic from Reddit
1689,Website,traffic,0.35,500,1000000,False,True,False,False,False,False,False,False,False,False,False,False,False,False,False,False,False,False,False,False,False,False,False,False,False,False,False,True,False,False,Turkey,quora,Turkey Traffic from Quora
1690,Website,traffic,0.35,500,1000000,False,True,False,False,False,False,False,False,False,False,False,False,False,False,False,False,False,False,False,False,False,False,False,False,False,False,False,True,False,False,Turkey,tumblr,Turkey Traffic from Tumblr
1691,Website,traffic,0.35,500,1000000,False,True,False,False,False,False,False,False,False,False,False,False,False,False,False,False,False,False,False,False,False,False,False,False,False,False,False,True,False,False,Turkey,pinterest,Turkey Traffic from Pinterest
1692,,traffic,0.35,500,1000000,False,True,False,False,False,False,False,False,False,False,False,False,False,False,False,False,False,False,False,False,False,False,False,False,False,False,False,True,False,False,Turkey,blogspot.com,Turkey Traffic from Blogspot.com
1693,Website,traffic,0.35,500,1000000,False,True,False,False,False,False,False,False,False,False,False,False,False,False,False,False,False,False,False,False,False,False,False,False,False,False,False,True,False,False,Turkey,linkedin,Turkey Traffic from LinkedIn
1694,,traffic,0.35,500,1000000,False,True,False,False,False,False,False,False,False,False,False,False,False,False,False,False,False,False,False,False,False,False,False,False,False,False,False,True,False,False,Turkey,bing.com,Turkey Traffic from Bing.com
1695,,traffic,0.35,500,1000000,False,True,False,False,False,False,False,False,False,False,False,False,False,False,False,False,False,False,False,False,False,False,False,False,False,False,False,True,False,False,Turkey,yahoo,Turkey Traffic from Yahoo
1696,Website,traffic,0.35,500,1000000,False,True,False,False,False,False,False,False,False,False,False,False,False,False,False,False,False,False,False,False,False,False,False,False,False,False,False,True,False,False,Turkey,twitch.tv,Turkey Traffic from Twitch.tv
1697,,traffic,0.35,500,1000000,False,True,False,False,False,False,False,False,False,False,False,False,False,False,False,False,False,False,False,False,False,False,False,False,False,False,False,True,False,False,Turkey,wikipedia,Turkey Traffic from Wikipedia
1698,,traffic,0.35,500,1000000,False,True,False,False,False,False,False,False,False,False,False,False,False,False,False,False,False,False,False,False,False,False,False,False,False,False,False,True,False,False,Turkey,fiverr,Turkey Traffic from Fiverr
1699,Website,traffic,0.35,500,1000000,False,True,False,False,False,False,False,False,False,False,False,False,False,False,False,False,False,False,False,False,False,False,False,False,False,False,False,True,False,False,Turkey,vk.com,Turkey Traffic from VK.com
1700,,traffic,0.35,500,1000000,False,True,False,False,False,False,False,False,False,False,False,False,False,False,False,False,False,False,False,False,False,False,False,False,False,False,False,True,False,False,Turkey,sahibinden.com,Turkey Traffic from Sahibinden.com
1701,,traffic,0.35,500,1000000,False,True,False,False,False,False,False,False,False,False,False,False,False,False,False,False,False,False,False,False,False,False,False,False,False,False,False,True,False,False,Turkey,n11.com,Turkey Traffic from N11.com
1702,,traffic,0.35,500,1000000,False,True,False,False,False,False,False,False,False,False,False,False,False,False,False,False,False,False,False,False,False,False,False,False,False,False,False,True,False,False,Turkey,hurriyet.com.tr,Turkey Traffic from Hurriyet.com.tr
1703,,traffic,0.35,500,1000000,False,True,False,False,False,False,False,False,False,False,False,False,False,False,False,False,False,False,False,False,False,False,False,False,False,False,False,True,False,False,Turkey,sozcu.com.tr,Turkey Traffic from Sozcu.com.tr
1704,,traffic,0.35,500,1000000,False,True,False,False,False,False,False,False,False,False,False,False,False,False,False,False,False,False,False,False,False,False,False,False,False,False,False,True,False,False,Turkey,sabah.com.tr,Turkey Traffic from Sabah.com.tr
1705,,traffic,0.35,500,1000000,False,True,False,False,False,False,False,False,False,False,False,False,False,False,False,False,False,False,False,False,False,False,False,False,False,False,False,True,False,False,Turkey,haberturk.com,Turkey Traffic from Haberturk.com
1706,,traffic,0.35,500,1000000,False,True,False,False,False,False,False,False,False,False,False,False,False,False,False,False,False,False,False,False,False,False,False,False,False,False,False,True,False,False,Turkey,ensonhaber.com,Turkey Traffic from Ensonhaber.com
1707,,traffic,0.35,500,1000000,False,True,False,False,False,False,False,False,False,False,False,False,False,False,False,False,False,False,False,False,False,False,False,False,False,False,False,True,False,False,Turkey,kizlarsoruyor.com,Turkey Traffic from Kizlarsoruyor.com
1708,,traffic,0.35,500,1000000,False,True,False,False,False,False,False,False,False,False,False,False,False,False,False,False,False,False,False,False,False,False,False,False,False,False,False,True,False,False,Turkey,memurlar.net,Turkey Traffic from Memurlar.net
1709,,traffic,0.35,500,1000000,False,True,False,False,False,False,False,False,False,False,False,False,False,False,False,False,False,False,False,False,False,False,False,False,False,False,False,True,False,False,Turkey,eksisozluk.com,Turkey Traffic from Eksisozluk.com
1710,,traffic,0.35,500,1000000,False,True,False,False,False,False,False,False,False,False,False,False,False,False,False,False,False,False,False,False,False,False,False,False,False,False,False,True,False,False,Turkey,hepsiburada.com,Turkey Traffic from Hepsiburada.com
1711,,traffic,0.35,500,1000000,False,True,False,False,False,False,False,False,False,False,False,False,False,False,False,False,False,False,False,False,False,False,False,False,False,False,False,True,False,False,Turkey,aksam.com.tr,Turkey Traffic from Aksam.com.tr
1712,,traffic,0.35,500,1000000,False,True,False,False,False,False,False,False,False,False,False,False,False,False,False,False,False,False,False,False,False,False,False,False,False,False,False,True,False,False,Turkey,mynet.com,Turkey Traffic from Mynet.com
1713,,traffic,0.35,500,1000000,False,True,False,False,False,False,False,False,False,False,False,False,False,False,False,False,False,False,False,False,False,False,False,False,False,False,False,True,False,False,Turkey,milliyet.com.tr,Turkey Traffic from Milliyet.com.tr
1714,,traffic,0.35,500,1000000,False,True,False,False,False,False,False,False,False,False,False,False,False,False,False,False,False,False,False,False,False,False,False,False,False,False,False,True,False,False,Turkey,yenisafak.com,Turkey Traffic from Yenisafak.com
1715,,traffic,0.35,500,1000000,False,True,False,False,False,False,False,False,False,False,False,False,False,False,False,False,False,False,False,False,False,False,False,False,False,False,False,True,False,False,Turkey,sporx.com,Turkey Traffic from Sporx.com
1716,,traffic,0.35,500,1000000,False,True,False,False,False,False,False,False,False,False,False,False,False,False,False,False,False,False,False,False,False,False,False,False,False,False,False,True,False,False,Turkey,yeniakit.com.tr,Turkey Traffic from Yeniakit.com.tr
1717,,traffic,0.35,500,1000000,False,True,False,False,False,False,False,False,False,False,False,False,False,False,False,False,False,False,False,False,False,False,False,False,False,False,False,True,False,False,Turkey,trendyol.com,Turkey Traffic from Trendyol.com
1718,,traffic,0.35,500,1000000,False,True,False,False,False,False,False,False,False,False,False,False,False,False,False,False,False,False,False,False,False,False,False,False,False,False,False,True,False,False,Turkey,haberler.com,Turkey Traffic from Haberler.com
1719,,traffic,0.35,500,1000000,False,True,False,False,False,False,False,False,False,False,False,False,False,False,False,False,False,False,False,False,False,False,False,False,False,False,False,True,False,False,Turkey,gittigidiyor.com,Turkey Traffic from Gittigidiyor.com
1720,,traffic,0.35,500,1000000,False,True,False,False,False,False,False,False,False,False,False,False,False,False,False,False,False,False,False,False,False,False,False,False,False,False,False,True,False,False,Turkey,internethaber.com,Turkey Traffic from Internethaber.com
1721,,traffic,0.35,500,1000000,False,True,False,False,False,False,False,False,False,False,False,False,False,False,False,False,False,False,False,False,False,False,False,False,False,False,False,True,False,False,Turkey,haber7.com,Turkey Traffic from Haber7.com
1722,,traffic,0.35,500,1000000,False,True,False,False,False,False,False,False,False,False,False,False,False,False,False,False,False,False,False,False,False,False,False,False,False,False,False,True,False,False,Turkey,donanimhaber.com,Turkey Traffic from Donanimhaber.com
1723,,traffic,0.35,500,1000000,False,True,False,False,False,False,False,False,False,False,False,False,False,False,False,False,False,False,False,False,False,False,False,False,False,False,False,True,False,False,Turkey,ntv.com.tr,Turkey Traffic from NTV.com.tr
1728,Website,traffic,0.46,1000,1000000,False,False,False,False,False,False,False,False,False,False,True,False,False,False,False,False,False,False,False,False,False,False,False,False,False,False,False,True,False,True,France,google.fr,🔎 France Traffic from Google.fr Search [Organic] [Custom Keywords]
1729,,traffic,0.46,1000,1000000,False,False,False,False,False,False,False,False,False,False,True,False,False,False,False,False,False,False,False,False,False,False,False,False,False,False,False,True,False,True,France,qwant.com,🔎 France Traffic from Qwant.com Search [Organic] [Custom Keywords]
1461,Website,traffic,0.35,500,1000000,False,True,False,False,False,False,False,False,False,False,False,False,False,False,False,False,False,False,False,False,False,False,False,False,False,False,False,True,False,False,France,google,France Traffic from Google
1462,Website,traffic,0.35,500,1000000,False,True,False,False,False,False,False,False,False,False,False,False,False,False,False,False,False,False,False,False,False,False,False,False,False,False,False,True,False,False,France,quora,France Traffic from Quora
1463,Website,traffic,0.35,500,1000000,False,True,False,False,False,False,False,False,False,False,False,False,False,False,False,False,False,False,False,False,False,False,False,False,False,False,False,True,False,False,France,tumblr,France Traffic from Tumblr
1464,Website,traffic,0.35,500,1000000,False,True,False,False,False,False,False,False,False,False,False,False,False,False,False,False,False,False,False,False,False,False,False,False,False,False,False,True,False,False,France,pinterest,France Traffic from Pinterest
1465,Website,traffic,0.35,500,1000000,False,True,False,False,False,False,False,False,False,False,False,False,False,False,False,False,False,False,False,False,False,False,False,False,False,False,False,True,False,False,France,twitter,France Traffic from Twitter
1466,Website,traffic,0.35,500,1000000,False,True,False,False,False,False,False,False,False,False,False,False,False,False,False,False,False,False,False,False,False,False,False,False,False,False,False,True,False,False,France,reddit,France Traffic from Reddit
1467,Website,traffic,0.35,500,1000000,False,True,False,False,False,False,False,False,False,False,False,False,False,False,False,False,False,False,False,False,False,False,False,False,False,False,False,True,False,False,France,youtube,France Traffic from YouTube
1469,Website,traffic,0.35,500,1000000,False,True,False,False,False,False,False,False,False,False,False,False,False,False,False,False,False,False,False,False,False,False,False,False,False,False,False,True,False,False,France,facebook,France Traffic from Facebook
1470,Website,traffic,0.35,500,1000000,False,True,False,False,False,False,False,False,False,False,False,False,False,False,False,False,False,False,False,False,False,False,False,False,False,False,False,True,False,False,France,instagram,France Traffic from Instagram
1730,,traffic,0.35,500,1000000,False,True,False,False,False,False,False,False,False,False,False,False,False,False,False,False,False,False,False,False,False,False,False,False,False,False,False,True,False,False,France,qwant.com,France Traffic from Qwant.com
1731,Website,traffic,0.35,500,1000000,False,True,False,False,False,False,False,False,False,False,False,False,False,False,False,False,False,False,False,False,False,False,False,False,False,False,False,True,False,False,France,amazon.fr,France Traffic from Amazon.fr
1732,Website,traffic,0.35,500,1000000,False,True,False,False,False,False,False,False,False,False,False,False,False,False,False,False,False,False,False,False,False,False,False,False,False,False,False,True,False,False,France,linkedin,France Traffic from LinkedIn
1733,,traffic,0.35,500,1000000,False,True,False,False,False,False,False,False,False,False,False,False,False,False,False,False,False,False,False,False,False,False,False,False,False,False,False,True,False,False,France,bing.com,France Traffic from Bing.com
1734,,traffic,0.35,500,1000000,False,True,False,False,False,False,False,False,False,False,False,False,False,False,False,False,False,False,False,False,False,False,False,False,False,False,False,True,False,False,France,yahoo,France Traffic from Yahoo
1735,Website,traffic,0.35,500,1000000,False,True,False,False,False,False,False,False,False,False,False,False,False,False,False,False,False,False,False,False,False,False,False,False,False,False,False,True,False,False,France,twitch.tv,France Traffic from Twitch.tv
1736,,traffic,0.35,500,1000000,False,True,False,False,False,False,False,False,False,False,False,False,False,False,False,False,False,False,False,False,False,False,False,False,False,False,False,True,False,False,France,wikipedia,France Traffic from Wikipedia
1737,,traffic,0.35,500,1000000,False,True,False,False,False,False,False,False,False,False,False,False,False,False,False,False,False,False,False,False,False,False,False,False,False,False,False,True,False,False,France,fiverr,France Traffic from Fiverr
1738,Website,traffic,0.35,500,1000000,False,True,False,False,False,False,False,False,False,False,False,False,False,False,False,False,False,False,False,False,False,False,False,False,False,False,False,True,False,False,France,vk.com,France Traffic from VK.com
1739,,traffic,0.35,500,1000000,False,True,False,False,False,False,False,False,False,False,False,False,False,False,False,False,False,False,False,False,False,False,False,False,False,False,False,True,False,False,France,ebay.fr,France Traffic from eBay.fr
1740,,traffic,0.35,500,1000000,False,True,False,False,False,False,False,False,False,False,False,False,False,False,False,False,False,False,False,False,False,False,False,False,False,False,False,True,False,False,France,leboncoin.fr,France Traffic from Leboncoin.fr
1741,,traffic,0.35,500,1000000,False,True,False,False,False,False,False,False,False,False,False,False,False,False,False,False,False,False,False,False,False,False,False,False,False,False,False,True,False,False,France,cdiscount.com,France Traffic from Cdiscount.com
1742,,traffic,0.35,500,1000000,False,True,False,False,False,False,False,False,False,False,False,False,False,False,False,False,False,False,False,False,False,False,False,False,False,False,False,True,False,False,France,lefigaro.fr,France Traffic from LeFigaro.fr
1743,,traffic,0.35,500,1000000,False,True,False,False,False,False,False,False,False,False,False,False,False,False,False,False,False,False,False,False,False,False,False,False,False,False,False,True,False,False,France,lemonde.fr,France Traffic from LeMonde.fr
1744,,traffic,0.35,500,1000000,False,True,False,False,False,False,False,False,False,False,False,False,False,False,False,False,False,False,False,False,False,False,False,False,False,False,False,True,False,False,France,francetvinfo.fr,France Traffic from Francetvinfo.fr
1745,,traffic,0.35,500,1000000,False,True,False,False,False,False,False,False,False,False,False,False,False,False,False,False,False,False,False,False,False,False,False,False,False,False,False,True,False,False,France,20minutes.fr,France Traffic from 20minutes.fr
1746,,traffic,0.35,500,1000000,False,True,False,False,False,False,False,False,False,False,False,False,False,False,False,False,False,False,False,False,False,False,False,False,False,False,False,True,False,False,France,ouest-france.fr,France Traffic from Ouest-france.fr
1747,,traffic,0.35,500,1000000,False,True,False,False,False,False,False,False,False,False,False,False,False,False,False,False,False,False,False,False,False,False,False,False,False,False,False,True,False,False,France,jeuxvideo.com,France Traffic from Jeuxvideo.com
1748,,traffic,0.35,500,1000000,False,True,False,False,False,False,False,False,False,False,False,False,False,False,False,False,False,False,False,False,False,False,False,False,False,False,False,True,False,False,France,leparisien.fr,France Traffic from LeParisien.fr
1907,Website,traffic,0.46,1000,1000000,False,False,False,False,False,False,False,False,False,False,True,False,False,False,False,False,False,False,False,False,False,False,False,False,False,False,False,True,False,True,Canada,google.ca,🔎 Canada Traffic from Google.ca Search [Organic] [Custom Keywords]
1908,Website,traffic,0.35,500,1000000,False,True,False,False,False,False,False,False,False,False,False,False,False,False,False,False,False,False,False,False,False,False,False,False,False,False,False,True,False,False,Canada,google.ca,Canada Traffic from Google.ca
1909,Website,traffic,0.35,500,1000000,False,True,False,False,False,False,False,False,False,False,False,False,False,False,False,False,False,False,False,False,False,False,False,False,False,False,False,True,False,False,Canada,vk.com,Canada Traffic from VK.com
1910,Website,traffic,0.35,500,1000000,False,True,False,False,False,False,False,False,False,False,False,False,False,False,False,False,False,False,False,False,False,False,False,False,False,False,False,True,False,False,Canada,quora,Canada Traffic from Quora
1911,Website,traffic,0.35,500,1000000,False,True,False,False,False,False,False,False,False,False,False,False,False,False,False,False,False,False,False,False,False,False,False,False,False,False,False,True,False,False,Canada,tumblr,Canada Traffic from Tumblr
1912,Website,traffic,0.35,500,1000000,False,True,False,False,False,False,False,False,False,False,False,False,False,False,False,False,False,False,False,False,False,False,False,False,False,False,False,True,False,False,Canada,pinterest.ca,Canada Traffic from Pinterest.ca
1913,Website,traffic,0.35,500,1000000,False,True,False,False,False,False,False,False,False,False,False,False,False,False,False,False,False,False,False,False,False,False,False,False,False,False,False,True,False,False,Canada,twitter,Canada Traffic from Twitter
1914,Website,traffic,0.35,500,1000000,False,True,False,False,False,False,False,False,False,False,False,False,False,False,False,False,False,False,False,False,False,False,False,False,False,False,False,True,False,False,Canada,reddit,Canada Traffic from Reddit
1915,Website,traffic,0.35,500,1000000,False,True,False,False,False,False,False,False,False,False,False,False,False,False,False,False,False,False,False,False,False,False,False,False,False,False,False,True,False,False,Canada,youtube,Canada Traffic from YouTube
1916,Website,traffic,0.35,500,1000000,False,True,False,False,False,False,False,False,False,False,False,False,False,False,False,False,False,False,False,False,False,False,False,False,False,False,False,True,False,False,Canada,facebook,Canada Traffic from Facebook
1917,Website,traffic,0.35,500,1000000,False,True,False,False,False,False,False,False,False,False,False,False,False,False,False,False,False,False,False,False,False,False,False,False,False,False,False,True,False,False,Canada,instagram,Canada Traffic from Instagram
1918,,traffic,0.35,500,1000000,False,True,False,False,False,False,False,False,False,False,False,False,False,False,False,False,False,False,False,False,False,False,False,False,False,False,False,True,False,False,Canada,blogspot.com,Canada Traffic from Blogspot.com
1919,Website,traffic,0.35,500,1000000,False,True,False,False,False,False,False,False,False,False,False,False,False,False,False,False,False,False,False,False,False,False,False,False,False,False,False,True,False,False,Canada,amazon.ca,Canada Traffic from Amazon.ca
1920,,traffic,0.35,500,1000000,False,True,False,False,False,False,False,False,False,False,False,False,False,False,False,False,False,False,False,False,False,False,False,False,False,False,False,True,False,False,Canada,yahoo,Canada Traffic from Yahoo
1921,Website,traffic,0.35,500,1000000,False,True,False,False,False,False,False,False,False,False,False,False,False,False,False,False,False,False,False,False,False,False,False,False,False,False,False,True,False,False,Canada,twitch.tv,Canada Traffic from Twitch.tv
1922,,traffic,0.35,500,1000000,False,True,False,False,False,False,False,False,False,False,False,False,False,False,False,False,False,False,False,False,False,False,False,False,False,False,False,True,False,False,Canada,wikipedia,Canada Traffic from Wikipedia
1923,,traffic,0.35,500,1000000,False,True,False,False,False,False,False,False,False,False,False,False,False,False,False,False,False,False,False,False,False,False,False,False,False,False,False,True,False,False,Canada,bing.com,Canada Traffic from Bing.com
1924,,traffic,0.35,500,1000000,False,True,False,False,False,False,False,False,False,False,False,False,False,False,False,False,False,False,False,False,False,False,False,False,False,False,False,True,False,False,Canada,fiverr,Canada Traffic from Fiverr
1925,,traffic,0.35,500,1000000,False,True,False,False,False,False,False,False,False,False,False,False,False,False,False,False,False,False,False,False,False,False,False,False,False,False,False,True,False,False,Canada,kijiji.ca,Canada Traffic from Kijiji.ca
1926,,traffic,0.35,500,1000000,False,True,False,False,False,False,False,False,False,False,False,False,False,False,False,False,False,False,False,False,False,False,False,False,False,False,False,True,False,False,Canada,narcity.com,Canada Traffic from Narcity.com
1770,Website,traffic,0.46,1000,1000000,False,False,False,False,False,False,False,False,False,False,True,False,False,False,False,False,False,False,False,False,False,False,False,False,False,False,False,True,False,True,Russia,google.ru,🔎 Russia Traffic from Google.ru Search [Organic] [Custom Keywords]
1771,,traffic,0.46,1000,1000000,False,False,False,False,False,False,False,False,False,False,True,False,False,False,False,False,False,False,False,False,False,False,False,False,False,False,False,True,False,True,Russia,yandex.ru,🔎 Russia Traffic from Yandex.ru Search [Organic] [Custom Keywords]
1772,Website,traffic,0.35,500,1000000,False,True,False,False,False,False,False,False,False,False,False,False,False,False,False,False,False,False,False,False,False,False,False,False,False,False,False,True,False,False,Russia,google.ru,Russia Traffic from Google.ru
1773,,traffic,0.35,500,1000000,False,True,False,False,False,False,False,False,False,False,False,False,False,False,False,False,False,False,False,False,False,False,False,False,False,False,False,True,False,False,Russia,yandex.ru,Russia Traffic from Yandex.ru
1774,Website,traffic,0.35,500,1000000,False,True,False,False,False,False,False,False,False,False,False,False,False,False,False,False,False,False,False,False,False,False,False,False,False,False,False,True,False,False,Russia,vk.com,Russia Traffic from VK.com
1775,Website,traffic,0.35,500,1000000,False,True,False,False,False,False,False,False,False,False,False,False,False,False,False,False,False,False,False,False,False,False,False,False,False,False,False,True,False,False,Russia,quora,Russia Traffic from Quora
1776,Website,traffic,0.35,500,1000000,False,True,False,False,False,False,False,False,False,False,False,False,False,False,False,False,False,False,False,False,False,False,False,False,False,False,False,True,False,False,Russia,tumblr,Russia Traffic from Tumblr
1777,Website,traffic,0.35,500,1000000,False,True,False,False,False,False,False,False,False,False,False,False,False,False,False,False,False,False,False,False,False,False,False,False,False,False,False,True,False,False,Russia,pinterest,Russia Traffic from Pinterest
1778,Website,traffic,0.35,500,1000000,False,True,False,False,False,False,False,False,False,False,False,False,False,False,False,False,False,False,False,False,False,False,False,False,False,False,False,True,False,False,Russia,twitter,Russia Traffic from Twitter
1779,Website,traffic,0.35,500,1000000,False,True,False,False,False,False,False,False,False,False,False,False,False,False,False,False,False,False,False,False,False,False,False,False,False,False,False,True,False,False,Russia,reddit,Russia Traffic from Reddit
1780,Website,traffic,0.35,500,1000000,False,True,False,False,False,False,False,False,False,False,False,False,False,False,False,False,False,False,False,False,False,False,False,False,False,False,False,True,False,False,Russia,youtube,Russia Traffic from YouTube
1781,Website,traffic,0.35,500,1000000,False,True,False,False,False,False,False,False,False,False,False,False,False,False,False,False,False,False,False,False,False,False,False,False,False,False,False,True,False,False,Russia,facebook,Russia Traffic from Facebook
1782,Website,traffic,0.35,500,1000000,False,True,False,False,False,False,False,False,False,False,False,False,False,False,False,False,False,False,False,False,False,False,False,False,False,False,False,True,False,False,Russia,instagram,Russia Traffic from Instagram
1783,,traffic,0.35,500,1000000,False,True,False,False,False,False,False,False,False,False,False,False,False,False,False,False,False,False,False,False,False,False,False,False,False,False,False,True,False,False,Russia,blogspot.com,Russia Traffic from Blogspot.com
1784,Website,traffic,0.35,500,1000000,False,True,False,False,False,False,False,False,False,False,False,False,False,False,False,False,False,False,False,False,False,False,False,False,False,False,False,True,False,False,Russia,amazon.com,Russia Traffic from Amazon.com
1785,,traffic,0.35,500,1000000,False,True,False,False,False,False,False,False,False,False,False,False,False,False,False,False,False,False,False,False,False,False,False,False,False,False,False,True,False,False,Russia,yahoo,Russia Traffic from Yahoo
1786,,traffic,0.35,500,1000000,False,True,False,False,False,False,False,False,False,False,False,False,False,False,False,False,False,False,False,False,False,False,False,False,False,False,False,True,False,False,Russia,bing.com,Russia Traffic from Bing.com
1787,Website,traffic,0.35,500,1000000,False,True,False,False,False,False,False,False,False,False,False,False,False,False,False,False,False,False,False,False,False,False,False,False,False,False,False,True,False,False,Russia,twitch.tv,Russia Traffic from Twitch.tv
1788,,traffic,0.35,500,1000000,False,True,False,False,False,False,False,False,False,False,False,False,False,False,False,False,False,False,False,False,False,False,False,False,False,False,False,True,False,False,Russia,wikipedia,Russia Traffic from Wikipedia
1789,,traffic,0.35,500,1000000,False,True,False,False,False,False,False,False,False,False,False,False,False,False,False,False,False,False,False,False,False,False,False,False,False,False,False,True,False,False,Russia,fiverr,Russia Traffic from Fiverr
1790,,traffic,0.35,500,1000000,False,True,False,False,False,False,False,False,False,False,False,False,False,False,False,False,False,False,False,False,False,False,False,False,False,False,False,True,False,False,Russia,ebay.com,Russia Traffic from eBay.com
1791,,traffic,0.35,500,1000000,False,True,False,False,False,False,False,False,False,False,False,False,False,False,False,False,False,False,False,False,False,False,False,False,False,False,False,True,False,False,Russia,mail.ru,Russia Traffic from Mail.ru
1792,,traffic,0.35,500,1000000,False,True,False,False,False,False,False,False,False,False,False,False,False,False,False,False,False,False,False,False,False,False,False,False,False,False,False,True,False,False,Russia,avito.ru,Russia Traffic from Avito.ru
1793,,traffic,0.35,500,1000000,False,True,False,False,False,False,False,False,False,False,False,False,False,False,False,False,False,False,False,False,False,False,False,False,False,False,False,True,False,False,Russia,ok.ru,Russia Traffic from OK.ru
1794,,traffic,0.35,500,1000000,False,True,False,False,False,False,False,False,False,False,False,False,False,False,False,False,False,False,False,False,False,False,False,False,False,False,False,True,False,False,Russia,drom.ru,Russia Traffic from Drom.ru
1795,,traffic,0.35,500,1000000,False,True,False,False,False,False,False,False,False,False,False,False,False,False,False,False,False,False,False,False,False,False,False,False,False,False,False,True,False,False,Russia,ria.ru,Russia Traffic from Ria.ru
1796,,traffic,0.35,500,1000000,False,True,False,False,False,False,False,False,False,False,False,False,False,False,False,False,False,False,False,False,False,False,False,False,False,False,False,True,False,False,Russia,pikabu.ru,Russia Traffic from Pikabu.ru
1927,Website,traffic,0.46,1000,1000000,False,False,False,False,False,False,False,False,False,False,True,False,False,False,False,False,False,False,False,False,False,False,False,False,False,False,False,True,False,True,Ukraine,google.com.ua,🔎 Ukraine Traffic from Google.com.ua Search [Organic] [Custom Keywords]
1928,Website,traffic,0.35,500,1000000,False,True,False,False,False,False,False,False,False,False,False,False,False,False,False,False,False,False,False,False,False,False,False,False,False,False,False,True,False,False,Ukraine,google.com.ua,Ukraine Traffic from Google.com.ua
1929,Website,traffic,0.35,500,1000000,False,True,False,False,False,False,False,False,False,False,False,False,False,False,False,False,False,False,False,False,False,False,False,False,False,False,False,True,False,False,Ukraine,vk.com,Ukraine Traffic from VK.com
1930,Website,traffic,0.35,500,1000000,False,True,False,False,False,False,False,False,False,False,False,False,False,False,False,False,False,False,False,False,False,False,False,False,False,False,False,True,False,False,Ukraine,quora,Ukraine Traffic from Quora
1931,Website,traffic,0.35,500,1000000,False,True,False,False,False,False,False,False,False,False,False,False,False,False,False,False,False,False,False,False,False,False,False,False,False,False,False,True,False,False,Ukraine,tumblr,Ukraine Traffic from Tumblr
1932,Website,traffic,0.35,500,1000000,False,True,False,False,False,False,False,False,False,False,False,False,False,False,False,False,False,False,False,False,False,False,False,False,False,False,False,True,False,False,Ukraine,pinterest,Ukraine Traffic from Pinterest
1933,Website,traffic,0.35,500,1000000,False,True,False,False,False,False,False,False,False,False,False,False,False,False,False,False,False,False,False,False,False,False,False,False,False,False,False,True,False,False,Ukraine,twitter,Ukraine Traffic from Twitter
1934,Website,traffic,0.35,500,1000000,False,True,False,False,False,False,False,False,False,False,False,False,False,False,False,False,False,False,False,False,False,False,False,False,False,False,False,True,False,False,Ukraine,reddit,Ukraine Traffic from Reddit
1935,Website,traffic,0.35,500,1000000,False,True,False,False,False,False,False,False,False,False,False,False,False,False,False,False,False,False,False,False,False,False,False,False,False,False,False,True,False,False,Ukraine,youtube,Ukraine Traffic from YouTube
1936,Website,traffic,0.35,500,1000000,False,True,False,False,False,False,False,False,False,False,False,False,False,False,False,False,False,False,False,False,False,False,False,False,False,False,False,True,False,False,Ukraine,facebook,Ukraine Traffic from Facebook
1937,Website,traffic,0.35,500,1000000,False,True,False,False,False,False,False,False,False,False,False,False,False,False,False,False,False,False,False,False,False,False,False,False,False,False,False,True,False,False,Ukraine,instagram,Ukraine Traffic from Instagram
1938,,traffic,0.35,500,1000000,False,True,False,False,False,False,False,False,False,False,False,False,False,False,False,False,False,False,False,False,False,False,False,False,False,False,False,True,False,False,Ukraine,blogspot.com,Ukraine Traffic from Blogspot.com
1939,Website,traffic,0.35,500,1000000,False,True,False,False,False,False,False,False,False,False,False,False,False,False,False,False,False,False,False,False,False,False,False,False,False,False,False,True,False,False,Ukraine,amazon.com,Ukraine Traffic from Amazon.com
1940,Website,traffic,0.35,500,1000000,False,True,False,False,False,False,False,False,False,False,False,False,False,False,False,False,False,False,False,False,False,False,False,False,False,False,False,True,False,False,Ukraine,linkedin,Ukraine Traffic from LinkedIn
1941,,traffic,0.35,500,1000000,False,True,False,False,False,False,False,False,False,False,False,False,False,False,False,False,False,False,False,False,False,False,False,False,False,False,False,True,False,False,Ukraine,bing.com,Ukraine Traffic from Bing.com
1942,,traffic,0.35,500,1000000,False,True,False,False,False,False,False,False,False,False,False,False,False,False,False,False,False,False,False,False,False,False,False,False,False,False,False,True,False,False,Ukraine,yahoo,Ukraine Traffic from Yahoo
1943,Website,traffic,0.35,500,1000000,False,True,False,False,False,False,False,False,False,False,False,False,False,False,False,False,False,False,False,False,False,False,False,False,False,False,False,True,False,False,Ukraine,twitch.tv,Ukraine Traffic from Twitch.tv
1944,,traffic,0.35,500,1000000,False,True,False,False,False,False,False,False,False,False,False,False,False,False,False,False,False,False,False,False,False,False,False,False,False,False,False,True,False,False,Ukraine,wikipedia,Ukraine Traffic from Wikipedia
1945,,traffic,0.35,500,1000000,False,True,False,False,False,False,False,False,False,False,False,False,False,False,False,False,False,False,False,False,False,False,False,False,False,False,False,True,False,False,Ukraine,fiverr,Ukraine Traffic from Fiverr
1946,,traffic,0.35,500,1000000,False,True,False,False,False,False,False,False,False,False,False,False,False,False,False,False,False,False,False,False,False,False,False,False,False,False,False,True,False,False,Ukraine,ebay.com,Ukraine Traffic from Ebay.com
1947,,traffic,0.35,500,1000000,False,True,False,False,False,False,False,False,False,False,False,False,False,False,False,False,False,False,False,False,False,False,False,False,False,False,False,True,False,False,Ukraine,olx.ua,Ukraine Traffic from Olx.ua
1948,,traffic,0.35,500,1000000,False,True,False,False,False,False,False,False,False,False,False,False,False,False,False,False,False,False,False,False,False,False,False,False,False,False,False,True,False,False,Ukraine,telegraf.com.ua,Ukraine Traffic from Telegraf.com.ua
1949,,traffic,0.35,500,1000000,False,True,False,False,False,False,False,False,False,False,False,False,False,False,False,False,False,False,False,False,False,False,False,False,False,False,False,True,False,False,Ukraine,prom.ua,Ukraine Traffic from Prom.ua
1950,,traffic,0.35,500,1000000,False,True,False,False,False,False,False,False,False,False,False,False,False,False,False,False,False,False,False,False,False,False,False,False,False,False,False,True,False,False,Ukraine,ukr.net,Ukraine Traffic from ukr.net
1951,,traffic,0.35,500,1000000,False,True,False,False,False,False,False,False,False,False,False,False,False,False,False,False,False,False,False,False,False,False,False,False,False,False,False,True,False,False,Ukraine,ok.ru,Ukraine Traffic from OK.ru
1952,,traffic,0.35,500,1000000,False,True,False,False,False,False,False,False,False,False,False,False,False,False,False,False,False,False,False,False,False,False,False,False,False,False,False,True,False,False,Ukraine,mail.ru,Ukraine Traffic from Mail.ru
1953,,traffic,0.35,500,1000000,False,True,False,False,False,False,False,False,False,False,False,False,False,False,False,False,False,False,False,False,False,False,False,False,False,False,False,True,False,False,Ukraine,ria.com,Ukraine Traffic from Ria.com
1954,,traffic,0.35,500,1000000,False,True,False,False,False,False,False,False,False,False,False,False,False,False,False,False,False,False,False,False,False,False,False,False,False,False,False,True,False,False,Ukraine,i.ua,Ukraine Traffic from I.UA
2291,Website,traffic,0.46,1000,1000000,False,False,False,False,False,False,False,False,False,False,True,False,False,False,False,False,False,False,False,False,False,False,False,False,False,False,False,True,False,True,Mexico,google.com.mx,🔎 Mexico Traffic from Google.com.mx Search [Organic] [Custom Keywords]
2292,Website,traffic,0.35,500,1000000,False,True,False,False,False,False,False,False,False,False,False,False,False,False,False,False,False,False,False,False,False,False,False,False,False,False,False,True,False,False,Mexico,google.com.mx,Mexico Traffic from Google.com.mx
2293,Website,traffic,0.35,500,1000000,False,True,False,False,False,False,False,False,False,False,False,False,False,False,False,False,False,False,False,False,False,False,False,False,False,False,False,True,False,False,Mexico,quora,Mexico Traffic from Quora
2294,Website,traffic,0.35,500,1000000,False,True,False,False,False,False,False,False,False,False,False,False,False,False,False,False,False,False,False,False,False,False,False,False,False,False,False,True,False,False,Mexico,tumblr,Mexico Traffic from Tumblr
2295,Website,traffic,0.35,500,1000000,False,True,False,False,False,False,False,False,False,False,False,False,False,False,False,False,False,False,False,False,False,False,False,False,False,False,False,True,False,False,Mexico,pinterest.com,Mexico Traffic from Pinterest.com
2296,Website,traffic,0.35,500,1000000,False,True,False,False,False,False,False,False,False,False,False,False,False,False,False,False,False,False,False,False,False,False,False,False,False,False,False,True,False,False,Mexico,twitter,Mexico Traffic from Twitter
2297,Website,traffic,0.35,500,1000000,False,True,False,False,False,False,False,False,False,False,False,False,False,False,False,False,False,False,False,False,False,False,False,False,False,False,False,True,False,False,Mexico,reddit,Mexico Traffic from Reddit
2298,Website,traffic,0.35,500,1000000,False,True,False,False,False,False,False,False,False,False,False,False,False,False,False,False,False,False,False,False,False,False,False,False,False,False,False,True,False,False,Mexico,youtube,Mexico Traffic from YouTube
2299,Website,traffic,0.35,500,1000000,False,True,False,False,False,False,False,False,False,False,False,False,False,False,False,False,False,False,False,False,False,False,False,False,False,False,False,True,False,False,Mexico,facebook,Mexico Traffic from Facebook
2300,Website,traffic,0.35,500,1000000,False,True,False,False,False,False,False,False,False,False,False,False,False,False,False,False,False,False,False,False,False,False,False,False,False,False,False,True,False,False,Mexico,instagram,Mexico Traffic from Instagram
2302,Website,traffic,0.35,500,1000000,False,True,False,False,False,False,False,False,False,False,False,False,False,False,False,False,False,False,False,False,False,False,False,False,False,False,False,True,False,False,Mexico,amazon.com.mx,Mexico Traffic from Amazon.com.mx
2303,Website,traffic,0.35,500,1000000,False,True,False,False,False,False,False,False,False,False,False,False,False,False,False,False,False,False,False,False,False,False,False,False,False,False,False,True,False,False,Mexico,linkedin,Mexico Traffic from LinkedIn
2304,,traffic,0.35,500,1000000,False,True,False,False,False,False,False,False,False,False,False,False,False,False,False,False,False,False,False,False,False,False,False,False,False,False,False,True,False,False,Mexico,bing.com,Mexico Traffic from Bing.com
2305,,traffic,0.35,500,1000000,False,True,False,False,False,False,False,False,False,False,False,False,False,False,False,False,False,False,False,False,False,False,False,False,False,False,False,True,False,False,Mexico,yahoo,Mexico Traffic from Yahoo
2306,Website,traffic,0.35,500,1000000,False,True,False,False,False,False,False,False,False,False,False,False,False,False,False,False,False,False,False,False,False,False,False,False,False,False,False,True,False,False,Mexico,twitch.tv,Mexico Traffic from Twitch.tv
2307,,traffic,0.35,500,1000000,False,True,False,False,False,False,False,False,False,False,False,False,False,False,False,False,False,False,False,False,False,False,False,False,False,False,False,True,False,False,Mexico,wikipedia,Mexico Traffic from Wikipedia
2308,,traffic,0.35,500,1000000,False,True,False,False,False,False,False,False,False,False,False,False,False,False,False,False,False,False,False,False,False,False,False,False,False,False,False,True,False,False,Mexico,fiverr,Mexico Traffic from Fiverr
2309,Website,traffic,0.35,500,1000000,False,True,False,False,False,False,False,False,False,False,False,False,False,False,False,False,False,False,False,False,False,False,False,False,False,False,False,True,False,False,Mexico,vk.com,Mexico Traffic from VK.com
2310,,traffic,0.35,500,1000000,False,True,False,False,False,False,False,False,False,False,False,False,False,False,False,False,False,False,False,False,False,False,False,False,False,False,False,True,False,False,Mexico,ebay.com,Mexico Traffic from Ebay.com
2311,,traffic,0.35,500,1000000,False,True,False,False,False,False,False,False,False,False,False,False,False,False,False,False,False,False,False,False,False,False,False,False,False,False,False,True,False,False,Mexico,thestartmagazine.com,Mexico Traffic from Thestartmagazine.com
2312,,traffic,0.35,500,1000000,False,True,False,False,False,False,False,False,False,False,False,False,False,False,False,False,False,False,False,False,False,False,False,False,False,False,False,True,False,False,Mexico,caliente.mx,Mexico Traffic from Caliente.mx
2313,,traffic,0.35,500,1000000,False,True,False,False,False,False,False,False,False,False,False,False,False,False,False,False,False,False,False,False,False,False,False,False,False,False,False,True,False,False,Mexico,mercadolibre.com.mx,Mexico Traffic from mercadolibre.com.mx
2314,,traffic,0.35,500,1000000,False,True,False,False,False,False,False,False,False,False,False,False,False,False,False,False,False,False,False,False,False,False,False,False,False,False,False,True,False,False,Mexico,eluniversal.com.mx,Mexico Traffic from eluniversal.com.mx
2184,Website,traffic,0.46,1000,1000000,False,False,False,False,False,False,False,False,False,False,True,False,False,False,False,False,False,False,False,False,False,False,False,False,False,False,False,True,False,True,Vietnam,google.com.vn,🔎 Vietnam Traffic from Google.com.vn [Organic] [Custom Keywords]
2185,Website,traffic,0.35,500,1000000,False,True,False,False,False,False,False,False,False,False,False,False,False,False,False,False,False,False,False,False,False,False,False,False,False,False,False,True,False,False,Vietnam,google.com.vn,Vietnam Traffic from Google.com.vn
2186,Website,traffic,0.35,500,1000000,False,True,False,False,False,False,False,False,False,False,False,False,False,False,False,False,False,False,False,False,False,False,False,False,False,False,False,True,False,False,Vietnam,quora,Vietnam Traffic from Quora
2187,Website,traffic,0.35,500,1000000,False,True,False,False,False,False,False,False,False,False,False,False,False,False,False,False,False,False,False,False,False,False,False,False,False,False,False,True,False,False,Vietnam,tumblr,Vietnam Traffic from Tumblr
2188,Website,traffic,0.35,500,1000000,False,True,False,False,False,False,False,False,False,False,False,False,False,False,False,False,False,False,False,False,False,False,False,False,False,False,False,True,False,False,Vietnam,pinterest.com,Vietnam Traffic from Pinterest.com
2189,Website,traffic,0.35,500,1000000,False,True,False,False,False,False,False,False,False,False,False,False,False,False,False,False,False,False,False,False,False,False,False,False,False,False,False,True,False,False,Vietnam,twitter,Vietnam Traffic from Twitter
2190,Website,traffic,0.35,500,1000000,False,True,False,False,False,False,False,False,False,False,False,False,False,False,False,False,False,False,False,False,False,False,False,False,False,False,False,True,False,False,Vietnam,reddit,Vietnam Traffic from Reddit
2191,Website,traffic,0.35,500,1000000,False,True,False,False,False,False,False,False,False,False,False,False,False,False,False,False,False,False,False,False,False,False,False,False,False,False,False,True,False,False,Vietnam,youtube,Vietnam Traffic from YouTube
2192,Website,traffic,0.35,500,1000000,False,True,False,False,False,False,False,False,False,False,False,False,False,False,False,False,False,False,False,False,False,False,False,False,False,False,False,True,False,False,Vietnam,facebook,Vietnam Traffic from Facebook
2193,Website,traffic,0.35,500,1000000,False,True,False,False,False,False,False,False,False,False,False,False,False,False,False,False,False,False,False,False,False,False,False,False,False,False,False,True,False,False,Vietnam,instagram,Vietnam Traffic from Instagram
2194,,traffic,0.35,500,1000000,False,True,False,False,False,False,False,False,False,False,False,False,False,False,False,False,False,False,False,False,False,False,False,False,False,False,False,True,False,False,Vietnam,blogspot.com,Vietnam Traffic from Blogspot.com
2195,Website,traffic,0.35,500,1000000,False,True,False,False,False,False,False,False,False,False,False,False,False,False,False,False,False,False,False,False,False,False,False,False,False,False,False,True,False,False,Vietnam,amazon.com,Vietnam Traffic from Amazon.com
2196,Website,traffic,0.35,500,1000000,False,True,False,False,False,False,False,False,False,False,False,False,False,False,False,False,False,False,False,False,False,False,False,False,False,False,False,True,False,False,Vietnam,linkedin,Vietnam Traffic from LinkedIn
2197,,traffic,0.35,500,1000000,False,True,False,False,False,False,False,False,False,False,False,False,False,False,False,False,False,False,False,False,False,False,False,False,False,False,False,True,False,False,Vietnam,bing.com,Vietnam Traffic from Bing.com
2198,,traffic,0.35,500,1000000,False,True,False,False,False,False,False,False,False,False,False,False,False,False,False,False,False,False,False,False,False,False,False,False,False,False,False,True,False,False,Vietnam,yahoo,Vietnam Traffic from Yahoo
2199,Website,traffic,0.35,500,1000000,False,True,False,False,False,False,False,False,False,False,False,False,False,False,False,False,False,False,False,False,False,False,False,False,False,False,False,True,False,False,Vietnam,twitch.tv,Vietnam Traffic from Twitch.tv
2200,,traffic,0.35,500,1000000,False,True,False,False,False,False,False,False,False,False,False,False,False,False,False,False,False,False,False,False,False,False,False,False,False,False,False,True,False,False,Vietnam,wikipedia,Vietnam Traffic from Wikipedia
2201,,traffic,0.35,500,1000000,False,True,False,False,False,False,False,False,False,False,False,False,False,False,False,False,False,False,False,False,False,False,False,False,False,False,False,True,False,False,Vietnam,fiverr,Vietnam Traffic from Fiverr
2202,Website,traffic,0.35,500,1000000,False,True,False,False,False,False,False,False,False,False,False,False,False,False,False,False,False,False,False,False,False,False,False,False,False,False,False,True,False,False,Vietnam,vk.com,Vietnam Traffic from VK.com
2203,,traffic,0.35,500,1000000,False,True,False,False,False,False,False,False,False,False,False,False,False,False,False,False,False,False,False,False,False,False,False,False,False,False,False,True,False,False,Vietnam,ebay.com,Vietnam Traffic from Ebay.com
2204,,traffic,0.35,500,1000000,False,True,False,False,False,False,False,False,False,False,False,False,False,False,False,False,False,False,False,False,False,False,False,False,False,False,False,True,False,False,Vietnam,-,Vietnam Traffic from - Dkn.tv
2205,,traffic,0.35,500,1000000,False,True,False,False,False,False,False,False,False,False,False,False,False,False,False,False,False,False,False,False,False,False,False,False,False,False,False,True,False,False,Vietnam,vnexpress.net,Vietnam Traffic from Vnexpress.net
2206,,traffic,0.35,500,1000000,False,True,False,False,False,False,False,False,False,False,False,False,False,False,False,False,False,False,False,False,False,False,False,False,False,False,False,True,False,False,Vietnam,vtv.vn,Vietnam Traffic from Vtv.vn
2207,,traffic,0.35,500,1000000,False,True,False,False,False,False,False,False,False,False,False,False,False,False,False,False,False,False,False,False,False,False,False,False,False,False,False,True,False,False,Vietnam,zing.vn,Vietnam Traffic from Zing.vn
2208,,traffic,0.35,500,1000000,False,True,False,False,False,False,False,False,False,False,False,False,False,False,False,False,False,False,False,False,False,False,False,False,False,False,False,True,False,False,Vietnam,thethao247.vn,Vietnam Traffic from Thethao247.vn
2209,,traffic,0.35,500,1000000,False,True,False,False,False,False,False,False,False,False,False,False,False,False,False,False,False,False,False,False,False,False,False,False,False,False,False,True,False,False,Vietnam,phimmoi.net,Vietnam Traffic from Phimmoi.net
2210,,traffic,0.35,500,1000000,False,True,False,False,False,False,False,False,False,False,False,False,False,False,False,False,False,False,False,False,False,False,False,False,False,False,False,True,False,False,Vietnam,24h.com.vn,Vietnam Traffic from 24h.com.vn
2211,,traffic,0.35,500,1000000,False,True,False,False,False,False,False,False,False,False,False,False,False,False,False,False,False,False,False,False,False,False,False,False,False,False,False,True,False,False,Vietnam,kenh14.vn,Vietnam Traffic from Kenh14.vn
2212,,traffic,0.35,500,1000000,False,True,False,False,False,False,False,False,False,False,False,False,False,False,False,False,False,False,False,False,False,False,False,False,False,False,False,True,False,False,Vietnam,shopee.vn,Vietnam Traffic from Shopee.vn
2213,,traffic,0.35,500,1000000,False,True,False,False,False,False,False,False,False,False,False,False,False,False,False,False,False,False,False,False,False,False,False,False,False,False,False,True,False,False,Vietnam,tiki.vn,Vietnam Traffic from Tiki.vn
2214,,traffic,0.35,500,1000000,False,True,False,False,False,False,False,False,False,False,False,False,False,False,False,False,False,False,False,False,False,False,False,False,False,False,False,True,False,False,Vietnam,dantri.com.vn,Vietnam Traffic from Dantri.com.vn
2215,,traffic,0.35,500,1000000,False,True,False,False,False,False,False,False,False,False,False,False,False,False,False,False,False,False,False,False,False,False,False,False,False,False,False,True,False,False,Vietnam,lazada.vn,Vietnam Traffic from Lazada.vn
2216,,traffic,0.35,500,1000000,False,True,False,False,False,False,False,False,False,False,False,False,False,False,False,False,False,False,False,False,False,False,False,False,False,False,False,True,False,False,Vietnam,baomoi.com,Vietnam Traffic from Baomoi.com
1852,Website,traffic,0.46,1000,1000000,False,False,False,False,False,False,False,False,False,False,True,False,False,False,False,False,False,False,False,False,False,False,False,False,False,False,False,True,False,True,Italy,google.it,🔎 Italy Traffic from Google.it Search [Organic] [Custom Keywords]
1853,Website,traffic,0.35,500,1000000,False,True,False,False,False,False,False,False,False,False,False,False,False,False,False,False,False,False,False,False,False,False,False,False,False,False,False,True,False,False,Italy,google.it,Italy Traffic from Google.it
1854,Website,traffic,0.35,500,1000000,False,True,False,False,False,False,False,False,False,False,False,False,False,False,False,False,False,False,False,False,False,False,False,False,False,False,False,True,False,False,Italy,youtube,Italy Traffic from YouTube
1855,Website,traffic,0.35,500,1000000,False,True,False,False,False,False,False,False,False,False,False,False,False,False,False,False,False,False,False,False,False,False,False,False,False,False,False,True,False,False,Italy,facebook,Italy Traffic from Facebook
1856,Website,traffic,0.35,500,1000000,False,True,False,False,False,False,False,False,False,False,False,False,False,False,False,False,False,False,False,False,False,False,False,False,False,False,False,True,False,False,Italy,instagram,Italy Traffic from Instagram
1857,Website,traffic,0.35,500,1000000,False,True,False,False,False,False,False,False,False,False,False,False,False,False,False,False,False,False,False,False,False,False,False,False,False,False,False,True,False,False,Italy,twitter,Italy Traffic from Twitter
1858,Website,traffic,0.35,500,1000000,False,True,False,False,False,False,False,False,False,False,False,False,False,False,False,False,False,False,False,False,False,False,False,False,False,False,False,True,False,False,Italy,amazon.it,Italy Traffic from Amazon.it
1859,Website,traffic,0.35,500,1000000,False,True,False,False,False,False,False,False,False,False,False,False,False,False,False,False,False,False,False,False,False,False,False,False,False,False,False,True,False,False,Italy,reddit,Italy Traffic from Reddit
1860,Website,traffic,0.35,500,1000000,False,True,False,False,False,False,False,False,False,False,False,False,False,False,False,False,False,False,False,False,False,False,False,False,False,False,False,True,False,False,Italy,quora,Italy Traffic from Quora
1861,Website,traffic,0.35,500,1000000,False,True,False,False,False,False,False,False,False,False,False,False,False,False,False,False,False,False,False,False,False,False,False,False,False,False,False,True,False,False,Italy,tumblr,Italy Traffic from Tumblr
1862,Website,traffic,0.35,500,1000000,False,True,False,False,False,False,False,False,False,False,False,False,False,False,False,False,False,False,False,False,False,False,False,False,False,False,False,True,False,False,Italy,pinterest.com,Italy Traffic from Pinterest.com
1863,,traffic,0.35,500,1000000,False,True,False,False,False,False,False,False,False,False,False,False,False,False,False,False,False,False,False,False,False,False,False,False,False,False,False,True,False,False,Italy,blogspot.com,Italy Traffic from Blogspot.com
1864,Website,traffic,0.35,500,1000000,False,True,False,False,False,False,False,False,False,False,False,False,False,False,False,False,False,False,False,False,False,False,False,False,False,False,False,True,False,False,Italy,linkedin,Italy Traffic from LinkedIn
1865,,traffic,0.35,500,1000000,False,True,False,False,False,False,False,False,False,False,False,False,False,False,False,False,False,False,False,False,False,False,False,False,False,False,False,True,False,False,Italy,bing.com,Italy Traffic from Bing.com
1866,,traffic,0.35,500,1000000,False,True,False,False,False,False,False,False,False,False,False,False,False,False,False,False,False,False,False,False,False,False,False,False,False,False,False,True,False,False,Italy,yahoo,Italy Traffic from Yahoo
1867,Website,traffic,0.35,500,1000000,False,True,False,False,False,False,False,False,False,False,False,False,False,False,False,False,False,False,False,False,False,False,False,False,False,False,False,True,False,False,Italy,twitch.tv,Italy Traffic from Twitch.tv
1868,,traffic,0.35,500,1000000,False,True,False,False,False,False,False,False,False,False,False,False,False,False,False,False,False,False,False,False,False,False,False,False,False,False,False,True,False,False,Italy,wikipedia,Italy Traffic from Wikipedia
1869,,traffic,0.35,500,1000000,False,True,False,False,False,False,False,False,False,False,False,False,False,False,False,False,False,False,False,False,False,False,False,False,False,False,False,True,False,False,Italy,fiverr,Italy Traffic from Fiverr
1870,Website,traffic,0.35,500,1000000,False,True,False,False,False,False,False,False,False,False,False,False,False,False,False,False,False,False,False,False,False,False,False,False,False,False,False,True,False,False,Italy,vk.com,Italy Traffic from VK.com
1871,,traffic,0.35,500,1000000,False,True,False,False,False,False,False,False,False,False,False,False,False,False,False,False,False,False,False,False,False,False,False,False,False,False,False,True,False,False,Italy,ebay.it,Italy Traffic from eBay.it
1872,,traffic,0.35,500,1000000,False,True,False,False,False,False,False,False,False,False,False,False,False,False,False,False,False,False,False,False,False,False,False,False,False,False,False,True,False,False,Italy,libero.it,Italy Traffic from libero.it
1873,,traffic,0.35,500,1000000,False,True,False,False,False,False,False,False,False,False,False,False,False,False,False,False,False,False,False,False,False,False,False,False,False,False,False,True,False,False,Italy,repubblica.it,Italy Traffic from repubblica.it
1874,,traffic,0.35,500,1000000,False,True,False,False,False,False,False,False,False,False,False,False,False,False,False,False,False,False,False,False,False,False,False,False,False,False,False,True,False,False,Italy,corriere.it,Italy Traffic from corriere.it
1875,,traffic,0.35,500,1000000,False,True,False,False,False,False,False,False,False,False,False,False,False,False,False,False,False,False,False,False,False,False,False,False,False,False,False,True,False,False,Italy,subito.it,Italy Traffic from subito.it
1876,,traffic,0.35,500,1000000,False,True,False,False,False,False,False,False,False,False,False,False,False,False,False,False,False,False,False,False,False,False,False,False,False,False,False,True,False,False,Italy,dagospia.com,Italy Traffic from dagospia.com
1877,,traffic,0.35,500,1000000,False,True,False,False,False,False,False,False,False,False,False,False,False,False,False,False,False,False,False,False,False,False,False,False,False,False,False,True,False,False,Italy,gazzetta.it,Italy Traffic from gazzetta.it
1878,,traffic,0.35,500,1000000,False,True,False,False,False,False,False,False,False,False,False,False,False,False,False,False,False,False,False,False,False,False,False,False,False,False,False,True,False,False,Italy,virgilio.it,Italy Traffic from virgilio.it
1820,Website,traffic,0.46,1000,1000000,False,False,False,False,False,False,False,False,False,False,True,False,False,False,False,False,False,False,False,False,False,False,False,False,False,False,False,True,False,True,Poland,google.pl,🔎 Poland Traffic from Google.pl Search [Organic] [Custom Keywords]
1821,Website,traffic,0.35,500,50000,False,True,False,False,False,False,False,False,False,False,False,False,False,False,False,False,False,False,False,False,False,False,False,False,False,False,False,True,False,False,Poland,google.pl,Poland Traffic from Google.pl
1822,Website,traffic,0.35,500,1000000,False,True,False,False,False,False,False,False,False,False,False,False,False,False,False,False,False,False,False,False,False,False,False,False,False,False,False,True,False,False,Poland,youtube,Poland Traffic from YouTube
1823,Facebook,traffic,0.35,500,1000000,False,True,False,False,False,False,False,False,False,False,False,False,False,False,False,False,False,False,False,False,False,False,False,False,False,False,False,True,False,False,Poland,facebook,Poland Traffic from  Facebook
1824,Instagram,traffic,0.35,500,1000000,False,True,False,False,False,False,False,False,False,False,False,False,False,False,False,False,False,False,False,False,False,False,False,False,False,False,False,True,False,False,Poland,instagram,Poland Traffic from  Instagram
1825,Twitter,traffic,0.35,500,1000000,False,True,False,False,False,False,False,False,False,False,False,False,False,False,False,False,False,False,False,False,False,False,False,False,False,False,False,True,False,False,Poland,twitter,Poland Traffic from  Twitter
1826,Amazon,traffic,0.35,500,1000000,False,True,False,False,False,False,False,False,False,False,False,False,False,False,False,False,False,False,False,False,False,False,False,False,False,False,False,True,False,False,Poland,amazon.com,Poland Traffic from  Amazon.com
1827,Reddit,traffic,0.35,500,1000000,False,True,False,False,False,False,False,False,False,False,False,False,False,False,False,False,False,False,False,False,False,False,False,False,False,False,False,True,False,False,Poland,reddit,Poland Traffic from  Reddit
1828,Quora,traffic,0.35,500,1000000,False,True,False,False,False,False,False,False,False,False,False,False,False,False,False,False,False,False,False,False,False,False,False,False,False,False,False,True,False,False,Poland,quora,Poland Traffic from  Quora
1829,Tumblr,traffic,0.35,500,1000000,False,True,False,False,False,False,False,False,False,False,False,False,False,False,False,False,False,False,False,False,False,False,False,False,False,False,False,True,False,False,Poland,tumblr,Poland Traffic from  Tumblr
1830,Pinterest,traffic,0.35,500,1000000,False,True,False,False,False,False,False,False,False,False,False,False,False,False,False,False,False,False,False,False,False,False,False,False,False,False,False,True,False,False,Poland,pinterest.com,Poland Traffic from  Pinterest.com
1831,,traffic,0.35,500,1000000,False,True,False,False,False,False,False,False,False,False,False,False,False,False,False,False,False,False,False,False,False,False,False,False,False,False,False,True,False,False,Poland,blogspot.com,Poland Traffic from  Blogspot.com
1832,LinkedIn,traffic,0.35,500,1000000,False,True,False,False,False,False,False,False,False,False,False,False,False,False,False,False,False,False,False,False,False,False,False,False,False,False,False,True,False,False,Poland,linkedin,Poland Traffic from  LinkedIn
1833,,traffic,0.35,500,1000000,False,True,False,False,False,False,False,False,False,False,False,False,False,False,False,False,False,False,False,False,False,False,False,False,False,False,False,True,False,False,Poland,bing.com,Poland Traffic from  Bing.com
1834,,traffic,0.35,500,1000000,False,True,False,False,False,False,False,False,False,False,False,False,False,False,False,False,False,False,False,False,False,False,False,False,False,False,False,True,False,False,Poland,yahoo,Poland Traffic from  Yahoo
1835,Twitch,traffic,0.35,500,1000000,False,True,False,False,False,False,False,False,False,False,False,False,False,False,False,False,False,False,False,False,False,False,False,False,False,False,False,True,False,False,Poland,twitch.tv,Poland Traffic from  Twitch.tv
1836,,traffic,0.35,500,1000000,False,True,False,False,False,False,False,False,False,False,False,False,False,False,False,False,False,False,False,False,False,False,False,False,False,False,False,True,False,False,Poland,wikipedia,Poland Traffic from  Wikipedia
1837,,traffic,0.35,500,1000000,False,True,False,False,False,False,False,False,False,False,False,False,False,False,False,False,False,False,False,False,False,False,False,False,False,False,False,True,False,False,Poland,fiverr,Poland Traffic from  Fiverr
1838,VK,traffic,0.35,500,1000000,False,True,False,False,False,False,False,False,False,False,False,False,False,False,False,False,False,False,False,False,False,False,False,False,False,False,False,True,False,False,Poland,vk.com,Poland Traffic from  VK.com
1839,,traffic,0.35,500,1000000,False,True,False,False,False,False,False,False,False,False,False,False,False,False,False,False,False,False,False,False,False,False,False,False,False,False,False,True,False,False,Poland,ebay.com,Poland Traffic from  Ebay.com
1840,,traffic,0.35,500,1000000,False,True,False,False,False,False,False,False,False,False,False,False,False,False,False,False,False,False,False,False,False,False,False,False,False,False,False,True,False,False,Poland,allegro.pl,Poland Traffic from  allegro.pl
1841,,traffic,0.35,500,1000000,False,True,False,False,False,False,False,False,False,False,False,False,False,False,False,False,False,False,False,False,False,False,False,False,False,False,False,True,False,False,Poland,olx.pl,Poland Traffic from  Olx.pl
1842,,traffic,0.35,500,1000000,False,True,False,False,False,False,False,False,False,False,False,False,False,False,False,False,False,False,False,False,False,False,False,False,False,False,False,True,False,False,Poland,onet.pl,Poland Traffic from Onet.pl
1843,,traffic,0.35,500,1000000,False,True,False,False,False,False,False,False,False,False,False,False,False,False,False,False,False,False,False,False,False,False,False,False,False,False,False,True,False,False,Poland,wp.pl,Poland Traffic from  wp.pl
1844,,traffic,0.35,500,1000000,False,True,False,False,False,False,False,False,False,False,False,False,False,False,False,False,False,False,False,False,False,False,False,False,False,False,False,True,False,False,Poland,interia.pl,Poland Traffic from  Interia.pl
1845,,traffic,0.35,500,1000000,False,True,False,False,False,False,False,False,False,False,False,False,False,False,False,False,False,False,False,False,False,False,False,False,False,False,False,True,False,False,Poland,otomoto.pl,Poland Traffic from  otomoto.pl
1846,,traffic,0.35,500,1000000,False,True,False,False,False,False,False,False,False,False,False,False,False,False,False,False,False,False,False,False,False,False,False,False,False,False,False,True,False,False,Poland,gazeta.pl,Poland Traffic from  gazeta.pl
1847,,traffic,0.35,500,1000000,False,True,False,False,False,False,False,False,False,False,False,False,False,False,False,False,False,False,False,False,False,False,False,False,False,False,False,True,False,False,Poland,ceneo.pl,Poland Traffic from ceneo.pl
1848,,traffic,0.35,500,1000000,False,True,False,False,False,False,False,False,False,False,False,False,False,False,False,False,False,False,False,False,False,False,False,False,False,False,False,True,False,False,Poland,librus.pl,Poland Traffic from  librus.pl
1849,,traffic,0.35,500,1000000,False,True,False,False,False,False,False,False,False,False,False,False,False,False,False,False,False,False,False,False,False,False,False,False,False,False,False,True,False,False,Poland,wykop.pl,Poland Traffic from  wykop.pl
1850,,traffic,0.35,500,1000000,False,True,False,False,False,False,False,False,False,False,False,False,False,False,False,False,False,False,False,False,False,False,False,False,False,False,False,True,False,False,Poland,filmweb.pl,Poland Traffic from  filmweb.pl
1851,,traffic,0.35,500,1000000,False,True,False,False,False,False,False,False,False,False,False,False,False,False,False,False,False,False,False,False,False,False,False,False,False,False,False,True,False,False,Poland,cda.pl,Poland Traffic from  cda.pl
1797,Website,traffic,0.46,1000,1000000,False,False,False,False,False,False,False,False,False,False,True,False,False,False,False,False,False,False,False,False,False,False,False,False,False,False,False,True,False,True,Netherlands,google.nl,🔎 Netherlands Traffic from Google.nl Search [Organic] [Custom Keywords]
1798,Website,traffic,0.35,500,1000000,False,True,False,False,False,False,False,False,False,False,False,False,False,False,False,False,False,False,False,False,False,False,False,False,False,False,False,True,False,False,Netherlands,google.nl,Netherlands Traffic from Google.nl
1799,Website,traffic,0.35,500,1000000,False,True,False,False,False,False,False,False,False,False,False,False,False,False,False,False,False,False,False,False,False,False,False,False,False,False,False,True,False,False,Netherlands,youtube,Netherlands Traffic from YouTube
1800,Website,traffic,0.35,500,1000000,False,True,False,False,False,False,False,False,False,False,False,False,False,False,False,False,False,False,False,False,False,False,False,False,False,False,False,True,False,False,Netherlands,facebook,Netherlands Traffic from Facebook
1801,Website,traffic,0.35,500,1000000,False,True,False,False,False,False,False,False,False,False,False,False,False,False,False,False,False,False,False,False,False,False,False,False,False,False,False,True,False,False,Netherlands,instagram,Netherlands Traffic from Instagram
1802,Website,traffic,0.35,500,1000000,False,True,False,False,False,False,False,False,False,False,False,False,False,False,False,False,False,False,False,False,False,False,False,False,False,False,False,True,False,False,Netherlands,twitter,Netherlands Traffic from Twitter
1803,Website,traffic,0.35,500,1000000,False,True,False,False,False,False,False,False,False,False,False,False,False,False,False,False,False,False,False,False,False,False,False,False,False,False,False,True,False,False,Netherlands,amazon.com,Netherlands Traffic from Amazon.com
1804,Website,traffic,0.35,500,1000000,False,True,False,False,False,False,False,False,False,False,False,False,False,False,False,False,False,False,False,False,False,False,False,False,False,False,False,True,False,False,Netherlands,reddit,Netherlands Traffic from Reddit
1805,Website,traffic,0.35,500,1000000,False,True,False,False,False,False,False,False,False,False,False,False,False,False,False,False,False,False,False,False,False,False,False,False,False,False,False,True,False,False,Netherlands,quora,Netherlands Traffic from Quora
1806,Website,traffic,0.35,500,1000000,False,True,False,False,False,False,False,False,False,False,False,False,False,False,False,False,False,False,False,False,False,False,False,False,False,False,False,True,False,False,Netherlands,tumblr,Netherlands Traffic from Tumblr
1807,Website,traffic,0.35,500,1000000,False,True,False,False,False,False,False,False,False,False,False,False,False,False,False,False,False,False,False,False,False,False,False,False,False,False,False,True,False,False,Netherlands,pinterest.com,Netherlands Traffic from Pinterest.com
1808,,traffic,0.35,500,1000000,False,True,False,False,False,False,False,False,False,False,False,False,False,False,False,False,False,False,False,False,False,False,False,False,False,False,False,True,False,False,Netherlands,blogspot.com,Netherlands Traffic from Blogspot.com
1809,Website,traffic,0.35,500,1000000,False,True,False,False,False,False,False,False,False,False,False,False,False,False,False,False,False,False,False,False,False,False,False,False,False,False,False,True,False,False,Netherlands,linkedin,Netherlands Traffic from LinkedIn
1810,,traffic,0.35,500,1000000,False,True,False,False,False,False,False,False,False,False,False,False,False,False,False,False,False,False,False,False,False,False,False,False,False,False,False,True,False,False,Netherlands,bing.com,Netherlands Traffic from Bing.com
1811,,traffic,0.35,500,1000000,False,True,False,False,False,False,False,False,False,False,False,False,False,False,False,False,False,False,False,False,False,False,False,False,False,False,False,True,False,False,Netherlands,yahoo,Netherlands Traffic from Yahoo
1812,Website,traffic,0.35,500,1000000,False,True,False,False,False,False,False,False,False,False,False,False,False,False,False,False,False,False,False,False,False,False,False,False,False,False,False,True,False,False,Netherlands,twitch.tv,Netherlands Traffic from Twitch.tv
1813,,traffic,0.35,500,1000000,False,True,False,False,False,False,False,False,False,False,False,False,False,False,False,False,False,False,False,False,False,False,False,False,False,False,False,True,False,False,Netherlands,wikipedia,Netherlands Traffic from Wikipedia
1814,,traffic,0.35,500,1000000,False,True,False,False,False,False,False,False,False,False,False,False,False,False,False,False,False,False,False,False,False,False,False,False,False,False,False,True,False,False,Netherlands,fiverr,Netherlands Traffic from Fiverr
1815,Website,traffic,0.35,500,1000000,False,True,False,False,False,False,False,False,False,False,False,False,False,False,False,False,False,False,False,False,False,False,False,False,False,False,False,True,False,False,Netherlands,vk.com,Netherlands Traffic from VK.com
1816,,traffic,0.35,500,1000000,False,True,False,False,False,False,False,False,False,False,False,False,False,False,False,False,False,False,False,False,False,False,False,False,False,False,False,True,False,False,Netherlands,ebay.com,Netherlands Traffic from Ebay.com
1817,,traffic,0.35,500,1000000,False,True,False,False,False,False,False,False,False,False,False,False,False,False,False,False,False,False,False,False,False,False,False,False,False,False,False,True,False,False,Netherlands,marktplaats.nl,Netherlands Traffic from Marktplaats.nl
1818,,traffic,0.35,500,1000000,False,True,False,False,False,False,False,False,False,False,False,False,False,False,False,False,False,False,False,False,False,False,False,False,False,False,False,True,False,False,Netherlands,nu.nl,Netherlands Traffic from Nu.nl
1819,,traffic,0.35,500,1000000,False,True,False,False,False,False,False,False,False,False,False,False,False,False,False,False,False,False,False,False,False,False,False,False,False,False,False,True,False,False,Netherlands,bol.com,Netherlands Traffic from Bol.com
1955,Website,traffic,0.46,1000,1000000,False,False,False,False,False,False,False,False,False,False,True,False,False,False,False,False,False,False,False,False,False,False,False,False,False,False,False,True,False,True,Unspecified,google.cz,🔎 Czech Republic Traffic from Google.cz Search [Organic] [Custom Keywords]
1956,Website,traffic,0.35,500,1000000,False,True,False,False,False,False,False,False,False,False,False,False,False,False,False,False,False,False,False,False,False,False,False,False,False,False,False,True,False,False,Unspecified,google.cz,Czech Republic Traffic from Google.cz
1957,Website,traffic,0.35,500,1000000,False,True,False,False,False,False,False,False,False,False,False,False,False,False,False,False,False,False,False,False,False,False,False,False,False,False,False,True,False,False,Unspecified,youtube,Czech Republic Traffic from YouTube
1958,Website,traffic,0.35,500,1000000,False,True,False,False,False,False,False,False,False,False,False,False,False,False,False,False,False,False,False,False,False,False,False,False,False,False,False,True,False,False,Unspecified,facebook,Czech Republic Traffic from Facebook
1959,Website,traffic,0.35,500,1000000,False,True,False,False,False,False,False,False,False,False,False,False,False,False,False,False,False,False,False,False,False,False,False,False,False,False,False,True,False,False,Unspecified,instagram,Czech Republic Traffic from Instagram
1960,Website,traffic,0.35,500,1000000,False,True,False,False,False,False,False,False,False,False,False,False,False,False,False,False,False,False,False,False,False,False,False,False,False,False,False,True,False,False,Unspecified,twitter,Czech Republic Traffic from Twitter
1961,Website,traffic,0.35,500,1000000,False,True,False,False,False,False,False,False,False,False,False,False,False,False,False,False,False,False,False,False,False,False,False,False,False,False,False,True,False,False,Unspecified,amazon.com,Czech Republic Traffic from Amazon.com
1962,Website,traffic,0.35,500,1000000,False,True,False,False,False,False,False,False,False,False,False,False,False,False,False,False,False,False,False,False,False,False,False,False,False,False,False,True,False,False,Unspecified,reddit,Czech Republic Traffic from Reddit
1963,Website,traffic,0.35,500,1000000,False,True,False,False,False,False,False,False,False,False,False,False,False,False,False,False,False,False,False,False,False,False,False,False,False,False,False,True,False,False,Unspecified,quora,Czech Republic Traffic from Quora
1964,Website,traffic,0.35,500,1000000,False,True,False,False,False,False,False,False,False,False,False,False,False,False,False,False,False,False,False,False,False,False,False,False,False,False,False,True,False,False,Unspecified,tumblr,Czech Republic Traffic from Tumblr
1965,Website,traffic,0.35,500,1000000,False,True,False,False,False,False,False,False,False,False,False,False,False,False,False,False,False,False,False,False,False,False,False,False,False,False,False,True,False,False,Unspecified,pinterest.com,Czech Republic Traffic from Pinterest.com
1966,,traffic,0.35,500,1000000,False,True,False,False,False,False,False,False,False,False,False,False,False,False,False,False,False,False,False,False,False,False,False,False,False,False,False,True,False,False,Unspecified,blogspot.com,Czech Republic Traffic from Blogspot.com
1967,Website,traffic,0.35,500,1000000,False,True,False,False,False,False,False,False,False,False,False,False,False,False,False,False,False,False,False,False,False,False,False,False,False,False,False,True,False,False,Unspecified,linkedin,Czech Republic Traffic from LinkedIn
1968,,traffic,0.35,500,1000000,False,True,False,False,False,False,False,False,False,False,False,False,False,False,False,False,False,False,False,False,False,False,False,False,False,False,False,True,False,False,Unspecified,bing.com,Czech Republic Traffic from Bing.com
1969,,traffic,0.35,500,1000000,False,True,False,False,False,False,False,False,False,False,False,False,False,False,False,False,False,False,False,False,False,False,False,False,False,False,False,True,False,False,Unspecified,yahoo,Czech Republic Traffic from Yahoo
1970,Website,traffic,0.35,500,1000000,False,True,False,False,False,False,False,False,False,False,False,False,False,False,False,False,False,False,False,False,False,False,False,False,False,False,False,True,False,False,Unspecified,twitch.tv,Czech Republic Traffic from Twitch.tv
1971,,traffic,0.35,500,1000000,False,True,False,False,False,False,False,False,False,False,False,False,False,False,False,False,False,False,False,False,False,False,False,False,False,False,False,True,False,False,Unspecified,wikipedia,Czech Republic Traffic from Wikipedia
1972,,traffic,0.35,500,1000000,False,True,False,False,False,False,False,False,False,False,False,False,False,False,False,False,False,False,False,False,False,False,False,False,False,False,False,True,False,False,Unspecified,fiverr,Czech Republic Traffic from Fiverr
1973,Website,traffic,0.35,500,1000000,False,True,False,False,False,False,False,False,False,False,False,False,False,False,False,False,False,False,False,False,False,False,False,False,False,False,False,True,False,False,Unspecified,vk.com,Czech Republic Traffic from VK.com
1974,,traffic,0.35,500,1000000,False,True,False,False,False,False,False,False,False,False,False,False,False,False,False,False,False,False,False,False,False,False,False,False,False,False,False,True,False,False,Unspecified,ebay.com,Czech Republic Traffic from Ebay.com
1975,,traffic,0.35,500,1000000,False,True,False,False,False,False,False,False,False,False,False,False,False,False,False,False,False,False,False,False,False,False,False,False,False,False,False,True,False,False,Unspecified,seznam.cz,Czech Republic Traffic from Seznam.cz
1976,,traffic,0.35,500,1000000,False,True,False,False,False,False,False,False,False,False,False,False,False,False,False,False,False,False,False,False,False,False,False,False,False,False,False,True,False,False,Unspecified,idnes.cz,Czech Republic Traffic from Idnes.cz
1977,,traffic,0.35,500,1000000,False,True,False,False,False,False,False,False,False,False,False,False,False,False,False,False,False,False,False,False,False,False,False,False,False,False,False,True,False,False,Unspecified,novinky.cz,Czech Republic Traffic from Novinky.cz
1978,,traffic,0.35,500,1000000,False,True,False,False,False,False,False,False,False,False,False,False,False,False,False,False,False,False,False,False,False,False,False,False,False,False,False,True,False,False,Unspecified,super.cz,Czech Republic Traffic from super.cz
1979,,traffic,0.35,500,1000000,False,True,False,False,False,False,False,False,False,False,False,False,False,False,False,False,False,False,False,False,False,False,False,False,False,False,False,True,False,False,Unspecified,sport.cz,Czech Republic Traffic from Sport.cz
1980,,traffic,0.35,500,1000000,False,True,False,False,False,False,False,False,False,False,False,False,False,False,False,False,False,False,False,False,False,False,False,False,False,False,False,True,False,False,Unspecified,alza.cz,Czech Republic Traffic from Alza.cz
1981,,traffic,0.35,500,1000000,False,True,False,False,False,False,False,False,False,False,False,False,False,False,False,False,False,False,False,False,False,False,False,False,False,False,False,True,False,False,Unspecified,bazos.cz,Czech Republic Traffic from Bazos.cz
1879,Website,traffic,0.46,1000,1000000,False,False,False,False,False,False,False,False,False,False,True,False,False,False,False,False,False,False,False,False,False,False,False,False,False,False,False,True,False,True,Spain,google.es,🔎 Spain Traffic from Google.es Search [Organic] [Custom Keywords]
1880,Website,traffic,0.35,500,1000000,False,True,False,False,False,False,False,False,False,False,False,False,False,False,False,False,False,False,False,False,False,False,False,False,False,False,False,True,False,False,Spain,google.es,Spain Traffic from Google.es
1881,Website,traffic,0.35,500,1000000,False,True,False,False,False,False,False,False,False,False,False,False,False,False,False,False,False,False,False,False,False,False,False,False,False,False,False,True,False,False,Spain,youtube,Spain Traffic from YouTube
1882,Website,traffic,0.35,500,1000000,False,True,False,False,False,False,False,False,False,False,False,False,False,False,False,False,False,False,False,False,False,False,False,False,False,False,False,True,False,False,Spain,facebook,Spain Traffic from Facebook
1883,Website,traffic,0.35,500,1000000,False,True,False,False,False,False,False,False,False,False,False,False,False,False,False,False,False,False,False,False,False,False,False,False,False,False,False,True,False,False,Spain,instagram,Spain Traffic from Instagram
1884,Website,traffic,0.35,500,1000000,False,True,False,False,False,False,False,False,False,False,False,False,False,False,False,False,False,False,False,False,False,False,False,False,False,False,False,True,False,False,Spain,twitter,Spain Traffic from Twitter
1885,Website,traffic,0.35,500,1000000,False,True,False,False,False,False,False,False,False,False,False,False,False,False,False,False,False,False,False,False,False,False,False,False,False,False,False,True,False,False,Spain,amazon.es,Spain Traffic from Amazon.es
1886,Website,traffic,0.35,500,1000000,False,True,False,False,False,False,False,False,False,False,False,False,False,False,False,False,False,False,False,False,False,False,False,False,False,False,False,True,False,False,Spain,reddit,Spain Traffic from Reddit
1887,Website,traffic,0.35,500,1000000,False,True,False,False,False,False,False,False,False,False,False,False,False,False,False,False,False,False,False,False,False,False,False,False,False,False,False,True,False,False,Spain,quora,Spain Traffic from Quora
1888,Website,traffic,0.35,500,1000000,False,True,False,False,False,False,False,False,False,False,False,False,False,False,False,False,False,False,False,False,False,False,False,False,False,False,False,True,False,False,Spain,tumblr,Spain Traffic from Tumblr
1889,Website,traffic,0.35,500,1000000,False,True,False,False,False,False,False,False,False,False,False,False,False,False,False,False,False,False,False,False,False,False,False,False,False,False,False,True,False,False,Spain,pinterest.com,Spain Traffic from Pinterest.com
1890,,traffic,0.35,500,1000000,False,True,False,False,False,False,False,False,False,False,False,False,False,False,False,False,False,False,False,False,False,False,False,False,False,False,False,True,False,False,Spain,blogspot.com,Spain Traffic from Blogspot.com
1891,Website,traffic,0.35,500,1000000,False,True,False,False,False,False,False,False,False,False,False,False,False,False,False,False,False,False,False,False,False,False,False,False,False,False,False,True,False,False,Spain,linkedin,Spain Traffic from LinkedIn
1892,,traffic,0.35,500,1000000,False,True,False,False,False,False,False,False,False,False,False,False,False,False,False,False,False,False,False,False,False,False,False,False,False,False,False,True,False,False,Spain,bing.com,Spain Traffic from Bing.com
1893,,traffic,0.35,500,1000000,False,True,False,False,False,False,False,False,False,False,False,False,False,False,False,False,False,False,False,False,False,False,False,False,False,False,False,True,False,False,Spain,yahoo,Spain Traffic from Yahoo
1894,Website,traffic,0.35,500,1000000,False,True,False,False,False,False,False,False,False,False,False,False,False,False,False,False,False,False,False,False,False,False,False,False,False,False,False,True,False,False,Spain,twitch.tv,Spain Traffic from Twitch.tv
1895,,traffic,0.35,500,1000000,False,True,False,False,False,False,False,False,False,False,False,False,False,False,False,False,False,False,False,False,False,False,False,False,False,False,False,True,False,False,Spain,wikipedia,Spain Traffic from Wikipedia
1896,,traffic,0.35,500,1000000,False,True,False,False,False,False,False,False,False,False,False,False,False,False,False,False,False,False,False,False,False,False,False,False,False,False,False,True,False,False,Spain,fiverr,Spain Traffic from Fiverr
1897,Website,traffic,0.35,500,1000000,False,True,False,False,False,False,False,False,False,False,False,False,False,False,False,False,False,False,False,False,False,False,False,False,False,False,False,True,False,False,Spain,vk.com,Spain Traffic from VK.com
1898,,traffic,0.35,500,1000000,False,True,False,False,False,False,False,False,False,False,False,False,False,False,False,False,False,False,False,False,False,False,False,False,False,False,False,True,False,False,Spain,ebay.es,Spain Traffic from eBay.es
1899,,traffic,0.35,500,1000000,False,True,False,False,False,False,False,False,False,False,False,False,False,False,False,False,False,False,False,False,False,False,False,False,False,False,False,True,False,False,Spain,elpais.com,Spain Traffic from Elpais.com
1900,,traffic,0.35,500,1000000,False,True,False,False,False,False,False,False,False,False,False,False,False,False,False,False,False,False,False,False,False,False,False,False,False,False,False,True,False,False,Spain,marca.com,Spain Traffic from Marca.com
1901,,traffic,0.35,500,1000000,False,True,False,False,False,False,False,False,False,False,False,False,False,False,False,False,False,False,False,False,False,False,False,False,False,False,False,True,False,False,Spain,as.com,Spain Traffic from as.com
1902,,traffic,0.35,500,1000000,False,True,False,False,False,False,False,False,False,False,False,False,False,False,False,False,False,False,False,False,False,False,False,False,False,False,False,True,False,False,Spain,milanuncios.com,Spain Traffic from Milanuncios.com
1903,,traffic,0.35,500,1000000,False,True,False,False,False,False,False,False,False,False,False,False,False,False,False,False,False,False,False,False,False,False,False,False,False,False,False,True,False,False,Spain,elconfidencial.com,Spain Traffic from elconfidencial.com
1904,,traffic,0.35,500,1000000,False,True,False,False,False,False,False,False,False,False,False,False,False,False,False,False,False,False,False,False,False,False,False,False,False,False,False,True,False,False,Spain,20minutos.es,Spain Traffic from 20minutos.es
1905,,traffic,0.35,500,1000000,False,True,False,False,False,False,False,False,False,False,False,False,False,False,False,False,False,False,False,False,False,False,False,False,False,False,False,True,False,False,Spain,eldiario.es,Spain Traffic from eldiario.es
1906,,traffic,0.35,500,1000000,False,True,False,False,False,False,False,False,False,False,False,False,False,False,False,False,False,False,False,False,False,False,False,False,False,False,False,True,False,False,Spain,idealista.com,Spain Traffic from idealista.com
2018,Website,traffic,0.46,1000,1000000,False,False,False,False,False,False,False,False,False,False,True,False,False,False,False,False,False,False,False,False,False,False,False,False,False,False,False,True,False,True,China,google.com,🔎 China Traffic from Google.com Search [Organic] [Custom Keywords]
2019,Website,traffic,0.46,1000,1000000,False,False,False,False,False,False,False,False,False,False,True,False,False,False,False,False,False,False,False,False,False,False,False,False,False,False,False,True,False,True,China,baidu.com,🔎 China Traffic from Baidu.com Search [Organic] [Custom Keywords]
2020,,traffic,0.46,1000,1000000,False,False,False,False,False,False,False,False,False,False,True,False,False,False,False,False,False,False,False,False,False,False,False,False,False,False,False,True,False,True,China,sogou.com,🔎 China Traffic from Sogou.com Search [Organic] [Custom Keywords]
2021,Website,traffic,0.35,500,1000000,False,True,False,False,False,False,False,False,False,False,False,False,False,False,False,False,False,False,False,False,False,False,False,False,False,False,False,True,False,False,China,google.com,China Traffic from Google.com
2022,Website,traffic,0.35,500,1000000,False,True,False,False,False,False,False,False,False,False,False,False,False,False,False,False,False,False,False,False,False,False,False,False,False,False,False,True,False,False,China,baidu.com,China Traffic from Baidu.com
2023,,traffic,0.35,500,1000000,False,True,False,False,False,False,False,False,False,False,False,False,False,False,False,False,False,False,False,False,False,False,False,False,False,False,False,True,False,False,China,sogou.com,China Traffic from Sogou.com
2024,,traffic,0.35,500,1000000,False,True,False,False,False,False,False,False,False,False,False,False,False,False,False,False,False,False,False,False,False,False,False,False,False,False,False,True,False,False,China,qq.com,China Traffic from QQ.com
2025,,traffic,0.35,500,1000000,False,True,False,False,False,False,False,False,False,False,False,False,False,False,False,False,False,False,False,False,False,False,False,False,False,False,False,True,False,False,China,news.qq.com,China Traffic from news.QQ.com
2026,,traffic,0.35,500,1000000,False,True,False,False,False,False,False,False,False,False,False,False,False,False,False,False,False,False,False,False,False,False,False,False,False,False,False,True,False,False,China,taobao.com,China Traffic from Taobao.com
2027,,traffic,0.35,500,1000000,False,True,False,False,False,False,False,False,False,False,False,False,False,False,False,False,False,False,False,False,False,False,False,False,False,False,False,True,False,False,China,tmall.com,China Traffic from Tmall.com
2028,,traffic,0.35,500,1000000,False,True,False,False,False,False,False,False,False,False,False,False,False,False,False,False,False,False,False,False,False,False,False,False,False,False,False,True,False,False,China,sohu.com,China Traffic from sohu.com
2029,,traffic,0.35,500,1000000,False,True,False,False,False,False,False,False,False,False,False,False,False,False,False,False,False,False,False,False,False,False,False,False,False,False,False,True,False,False,China,weibo.com,China Traffic from weibo.com
2030,,traffic,0.35,500,1000000,False,True,False,False,False,False,False,False,False,False,False,False,False,False,False,False,False,False,False,False,False,False,False,False,False,False,False,True,False,False,China,jd.com,China Traffic from jd.com
2031,Website,traffic,0.35,500,1000000,False,True,False,False,False,False,False,False,False,False,False,False,False,False,False,False,False,False,False,False,False,False,False,False,False,False,False,True,False,False,China,youtube,China Traffic from YouTube
2032,,traffic,0.35,500,1000000,False,True,False,False,False,False,False,False,False,False,False,False,False,False,False,False,False,False,False,False,False,False,False,False,False,False,False,True,False,False,China,360.cn,China Traffic from 360.cn
2033,,traffic,0.35,500,1000000,False,True,False,False,False,False,False,False,False,False,False,False,False,False,False,False,False,False,False,False,False,False,False,False,False,False,False,True,False,False,China,hao123.com,China Traffic from hao123.com
2034,,traffic,0.35,500,1000000,False,True,False,False,False,False,False,False,False,False,False,False,False,False,False,False,False,False,False,False,False,False,False,False,False,False,False,True,False,False,China,so.com,China Traffic from so.com
2035,,traffic,0.35,500,1000000,False,True,False,False,False,False,False,False,False,False,False,False,False,False,False,False,False,False,False,False,False,False,False,False,False,False,False,True,False,False,China,sina.com.cn,China Traffic from sina.com.cn
2217,Website,traffic,0.46,1000,1000000,False,False,False,False,False,False,False,False,False,False,True,False,False,False,False,False,False,False,False,False,False,False,False,False,False,False,False,True,False,True,Unspecified,google.com.sg,🔎 Singapore Traffic from Google.com.sg Search [Organic] [Custom Keywords]
2218,Website,traffic,0.35,500,1000000,False,True,False,False,False,False,False,False,False,False,False,False,False,False,False,False,False,False,False,False,False,False,False,False,False,False,False,True,False,False,Unspecified,google.com.sg,Singapore Traffic from Google.com.sg
2219,Website,traffic,0.35,500,1000000,False,True,False,False,False,False,False,False,False,False,False,False,False,False,False,False,False,False,False,False,False,False,False,False,False,False,False,True,False,False,Unspecified,youtube,Singapore Traffic from YouTube
2220,Website,traffic,0.35,500,1000000,False,True,False,False,False,False,False,False,False,False,False,False,False,False,False,False,False,False,False,False,False,False,False,False,False,False,False,True,False,False,Unspecified,facebook,Singapore Traffic from Facebook
2221,Website,traffic,0.35,500,1000000,False,True,False,False,False,False,False,False,False,False,False,False,False,False,False,False,False,False,False,False,False,False,False,False,False,False,False,True,False,False,Unspecified,instagram,Singapore Traffic from Instagram
2222,Website,traffic,0.35,500,1000000,False,True,False,False,False,False,False,False,False,False,False,False,False,False,False,False,False,False,False,False,False,False,False,False,False,False,False,True,False,False,Unspecified,twitter,Singapore Traffic from Twitter
2223,Website,traffic,0.35,500,1000000,False,True,False,False,False,False,False,False,False,False,False,False,False,False,False,False,False,False,False,False,False,False,False,False,False,False,False,True,False,False,Unspecified,amazon.com,Singapore Traffic from Amazon.com
2224,Website,traffic,0.35,500,1000000,False,True,False,False,False,False,False,False,False,False,False,False,False,False,False,False,False,False,False,False,False,False,False,False,False,False,False,True,False,False,Unspecified,reddit,Singapore Traffic from Reddit
2225,Website,traffic,0.35,500,1000000,False,True,False,False,False,False,False,False,False,False,False,False,False,False,False,False,False,False,False,False,False,False,False,False,False,False,False,True,False,False,Unspecified,quora,Singapore Traffic from Quora
2226,Website,traffic,0.35,500,1000000,False,True,False,False,False,False,False,False,False,False,False,False,False,False,False,False,False,False,False,False,False,False,False,False,False,False,False,True,False,False,Unspecified,tumblr,Singapore Traffic from Tumblr
2227,Website,traffic,0.35,500,1000000,False,True,False,False,False,False,False,False,False,False,False,False,False,False,False,False,False,False,False,False,False,False,False,False,False,False,False,True,False,False,Unspecified,pinterest.com,Singapore Traffic from Pinterest.com
2228,,traffic,0.35,500,1000000,False,True,False,False,False,False,False,False,False,False,False,False,False,False,False,False,False,False,False,False,False,False,False,False,False,False,False,True,False,False,Unspecified,blogspot.com,Singapore Traffic from Blogspot.com
2229,Website,traffic,0.35,500,1000000,False,True,False,False,False,False,False,False,False,False,False,False,False,False,False,False,False,False,False,False,False,False,False,False,False,False,False,True,False,False,Unspecified,linkedin,Singapore Traffic from LinkedIn
2230,,traffic,0.35,500,1000000,False,True,False,False,False,False,False,False,False,False,False,False,False,False,False,False,False,False,False,False,False,False,False,False,False,False,False,True,False,False,Unspecified,bing.com,Singapore Traffic from Bing.com
2231,,traffic,0.35,500,1000000,False,True,False,False,False,False,False,False,False,False,False,False,False,False,False,False,False,False,False,False,False,False,False,False,False,False,False,True,False,False,Unspecified,yahoo,Singapore Traffic from Yahoo
2232,Website,traffic,0.35,500,1000000,False,True,False,False,False,False,False,False,False,False,False,False,False,False,False,False,False,False,False,False,False,False,False,False,False,False,False,True,False,False,Unspecified,twitch.tv,Singapore Traffic from Twitch.tv
2233,,traffic,0.35,500,1000000,False,True,False,False,False,False,False,False,False,False,False,False,False,False,False,False,False,False,False,False,False,False,False,False,False,False,False,True,False,False,Unspecified,wikipedia,Singapore Traffic from Wikipedia
2234,,traffic,0.35,500,1000000,False,True,False,False,False,False,False,False,False,False,False,False,False,False,False,False,False,False,False,False,False,False,False,False,False,False,False,True,False,False,Unspecified,fiverr,Singapore Traffic from Fiverr
2235,Website,traffic,0.35,500,1000000,False,True,False,False,False,False,False,False,False,False,False,False,False,False,False,False,False,False,False,False,False,False,False,False,False,False,False,True,False,False,Unspecified,vk.com,Singapore Traffic from VK.com
2236,,traffic,0.35,500,1000000,False,True,False,False,False,False,False,False,False,False,False,False,False,False,False,False,False,False,False,False,False,False,False,False,False,False,False,True,False,False,Unspecified,ebay.com,Singapore Traffic from Ebay.com
2237,,traffic,0.35,500,1000000,False,True,False,False,False,False,False,False,False,False,False,False,False,False,False,False,False,False,False,False,False,False,False,False,False,False,False,True,False,False,Unspecified,lazada.sg,Singapore Traffic from Lazada.sg
2238,,traffic,0.35,500,1000000,False,True,False,False,False,False,False,False,False,False,False,False,False,False,False,False,False,False,False,False,False,False,False,False,False,False,False,True,False,False,Unspecified,qoo10.sg,Singapore Traffic from Qoo10.sg
2239,,traffic,0.35,500,1000000,False,True,False,False,False,False,False,False,False,False,False,False,False,False,False,False,False,False,False,False,False,False,False,False,False,False,False,True,False,False,Unspecified,dbs.com.sg,Singapore Traffic from Dbs.com.sg
2240,,traffic,0.35,500,1000000,False,True,False,False,False,False,False,False,False,False,False,False,False,False,False,False,False,False,False,False,False,False,False,False,False,False,False,True,False,False,Unspecified,straitstimes.com,Singapore Traffic from straitstimes.com
2153,Website,traffic,0.46,1000,1000000,False,False,False,False,False,False,False,False,False,False,True,False,False,False,False,False,False,False,False,False,False,False,False,False,False,False,False,True,False,True,Taiwan,google.com.tw,🔎 Taiwan Traffic from Google.com.tw Search [Organic] [Custom Keywords]
2154,Website,traffic,0.35,500,1000000,False,True,False,False,False,False,False,False,False,False,False,False,False,False,False,False,False,False,False,False,False,False,False,False,False,False,False,True,False,False,Taiwan,google.com.tw,Taiwan Traffic from Google.com.tw
2155,Website,traffic,0.35,500,1000000,False,True,False,False,False,False,False,False,False,False,False,False,False,False,False,False,False,False,False,False,False,False,False,False,False,False,False,True,False,False,Taiwan,youtube,Taiwan Traffic from YouTube
2156,Website,traffic,0.35,500,1000000,False,True,False,False,False,False,False,False,False,False,False,False,False,False,False,False,False,False,False,False,False,False,False,False,False,False,False,True,False,False,Taiwan,facebook,Taiwan Traffic from Facebook
2157,Website,traffic,0.35,500,1000000,False,True,False,False,False,False,False,False,False,False,False,False,False,False,False,False,False,False,False,False,False,False,False,False,False,False,False,True,False,False,Taiwan,instagram,Taiwan Traffic from Instagram
2158,Website,traffic,0.35,500,1000000,False,True,False,False,False,False,False,False,False,False,False,False,False,False,False,False,False,False,False,False,False,False,False,False,False,False,False,True,False,False,Taiwan,twitter,Taiwan Traffic from Twitter
2159,Website,traffic,0.35,500,1000000,False,True,False,False,False,False,False,False,False,False,False,False,False,False,False,False,False,False,False,False,False,False,False,False,False,False,False,True,False,False,Taiwan,amazon.com,Taiwan Traffic from Amazon.com
2160,Website,traffic,0.35,500,1000000,False,True,False,False,False,False,False,False,False,False,False,False,False,False,False,False,False,False,False,False,False,False,False,False,False,False,False,True,False,False,Taiwan,reddit,Taiwan Traffic from Reddit
2161,Website,traffic,0.35,500,1000000,False,True,False,False,False,False,False,False,False,False,False,False,False,False,False,False,False,False,False,False,False,False,False,False,False,False,False,True,False,False,Taiwan,quora,Taiwan Traffic from Quora
2162,Website,traffic,0.35,500,1000000,False,True,False,False,False,False,False,False,False,False,False,False,False,False,False,False,False,False,False,False,False,False,False,False,False,False,False,True,False,False,Taiwan,tumblr,Taiwan Traffic from Tumblr
2163,Website,traffic,0.35,500,1000000,False,True,False,False,False,False,False,False,False,False,False,False,False,False,False,False,False,False,False,False,False,False,False,False,False,False,False,True,False,False,Taiwan,pinterest.com,Taiwan Traffic from Pinterest.com
2164,,traffic,0.35,500,1000000,False,True,False,False,False,False,False,False,False,False,False,False,False,False,False,False,False,False,False,False,False,False,False,False,False,False,False,True,False,False,Taiwan,blogspot.com,Taiwan Traffic from Blogspot.com
2165,Website,traffic,0.35,500,1000000,False,True,False,False,False,False,False,False,False,False,False,False,False,False,False,False,False,False,False,False,False,False,False,False,False,False,False,True,False,False,Taiwan,linkedin,Taiwan Traffic from LinkedIn
2166,,traffic,0.35,500,1000000,False,True,False,False,False,False,False,False,False,False,False,False,False,False,False,False,False,False,False,False,False,False,False,False,False,False,False,True,False,False,Taiwan,bing.com,Taiwan Traffic from Bing.com
2167,,traffic,0.35,500,1000000,False,True,False,False,False,False,False,False,False,False,False,False,False,False,False,False,False,False,False,False,False,False,False,False,False,False,False,True,False,False,Taiwan,yahoo,Taiwan Traffic from Yahoo
2168,Website,traffic,0.35,500,1000000,False,True,False,False,False,False,False,False,False,False,False,False,False,False,False,False,False,False,False,False,False,False,False,False,False,False,False,True,False,False,Taiwan,twitch.tv,Taiwan Traffic from Twitch.tv
2169,,traffic,0.35,500,1000000,False,True,False,False,False,False,False,False,False,False,False,False,False,False,False,False,False,False,False,False,False,False,False,False,False,False,False,True,False,False,Taiwan,wikipedia,Taiwan Traffic from Wikipedia
2170,,traffic,0.35,500,1000000,False,True,False,False,False,False,False,False,False,False,False,False,False,False,False,False,False,False,False,False,False,False,False,False,False,False,False,True,False,False,Taiwan,fiverr,Taiwan Traffic from Fiverr
2171,Website,traffic,0.35,500,1000000,False,True,False,False,False,False,False,False,False,False,False,False,False,False,False,False,False,False,False,False,False,False,False,False,False,False,False,True,False,False,Taiwan,vk.com,Taiwan Traffic from VK.com
2172,,traffic,0.35,500,1000000,False,True,False,False,False,False,False,False,False,False,False,False,False,False,False,False,False,False,False,False,False,False,False,False,False,False,False,True,False,False,Taiwan,ebay.com,Taiwan Traffic from Ebay.com
2173,,traffic,0.35,500,1000000,False,True,False,False,False,False,False,False,False,False,False,False,False,False,False,False,False,False,False,False,False,False,False,False,False,False,False,True,False,False,Taiwan,pixnet.net,Taiwan Traffic from Pixnet.net
2174,,traffic,0.35,500,1000000,False,True,False,False,False,False,False,False,False,False,False,False,False,False,False,False,False,False,False,False,False,False,False,False,False,False,False,True,False,False,Taiwan,ettoday.net,Taiwan Traffic from Ettoday.net
2175,,traffic,0.35,500,1000000,False,True,False,False,False,False,False,False,False,False,False,False,False,False,False,False,False,False,False,False,False,False,False,False,False,False,False,True,False,False,Taiwan,ltn.com.tw,Taiwan Traffic from Ltn.com.tw
2176,,traffic,0.35,500,1000000,False,True,False,False,False,False,False,False,False,False,False,False,False,False,False,False,False,False,False,False,False,False,False,False,False,False,False,True,False,False,Taiwan,setn.com,Taiwan Traffic from Setn.com
2177,,traffic,0.35,500,1000000,False,True,False,False,False,False,False,False,False,False,False,False,False,False,False,False,False,False,False,False,False,False,False,False,False,False,False,True,False,False,Taiwan,momoshop.com.tw,Taiwan Traffic from Momoshop.com.tw
2178,,traffic,0.35,500,1000000,False,True,False,False,False,False,False,False,False,False,False,False,False,False,False,False,False,False,False,False,False,False,False,False,False,False,False,True,False,False,Taiwan,104.com.tw,Taiwan Traffic from 104.com.tw
2179,,traffic,0.35,500,1000000,False,True,False,False,False,False,False,False,False,False,False,False,False,False,False,False,False,False,False,False,False,False,False,False,False,False,False,True,False,False,Taiwan,ebc.net.tw,Taiwan Traffic from Ebc.net.tw
2180,,traffic,0.35,500,1000000,False,True,False,False,False,False,False,False,False,False,False,False,False,False,False,False,False,False,False,False,False,False,False,False,False,False,False,True,False,False,Taiwan,gamer.com.tw,Taiwan Traffic from Gamer.com.tw
2181,,traffic,0.35,500,1000000,False,True,False,False,False,False,False,False,False,False,False,False,False,False,False,False,False,False,False,False,False,False,False,False,False,False,False,True,False,False,Taiwan,udn.com,Taiwan Traffic from Udn.com
2182,,traffic,0.35,500,1000000,False,True,False,False,False,False,False,False,False,False,False,False,False,False,False,False,False,False,False,False,False,False,False,False,False,False,False,True,False,False,Taiwan,ptt.cc,Taiwan Traffic from Ptt.cc
2183,,traffic,0.35,500,1000000,False,True,False,False,False,False,False,False,False,False,False,False,False,False,False,False,False,False,False,False,False,False,False,False,False,False,False,True,False,False,Taiwan,shopee.tw,Taiwan Traffic from Shopee.tw
2095,Website,traffic,0.46,1000,1000000,False,False,False,False,False,False,False,False,False,False,True,False,False,False,False,False,False,False,False,False,False,False,False,False,False,False,False,True,False,True,Thailand,google.co.th,🔎 Thailand Traffic from Google.co.th Search [Organic] [Custom Keywords]
2096,Website,traffic,0.35,500,1000000,False,True,False,False,False,False,False,False,False,False,False,False,False,False,False,False,False,False,False,False,False,False,False,False,False,False,False,True,False,False,Thailand,google.co.th,Thailand Traffic from Google.co.th
2097,Website,traffic,0.35,500,1000000,False,True,False,False,False,False,False,False,False,False,False,False,False,False,False,False,False,False,False,False,False,False,False,False,False,False,False,True,False,False,Thailand,youtube,Thailand Traffic from YouTube
2098,Website,traffic,0.35,500,1000000,False,True,False,False,False,False,False,False,False,False,False,False,False,False,False,False,False,False,False,False,False,False,False,False,False,False,False,True,False,False,Thailand,facebook,Thailand Traffic from Facebook
2099,Website,traffic,0.35,500,1000000,False,True,False,False,False,False,False,False,False,False,False,False,False,False,False,False,False,False,False,False,False,False,False,False,False,False,False,True,False,False,Thailand,instagram,Thailand Traffic from Instagram
2100,Website,traffic,0.35,500,1000000,False,True,False,False,False,False,False,False,False,False,False,False,False,False,False,False,False,False,False,False,False,False,False,False,False,False,False,True,False,False,Thailand,twitter,Thailand Traffic from Twitter
2101,Website,traffic,0.35,500,1000000,False,True,False,False,False,False,False,False,False,False,False,False,False,False,False,False,False,False,False,False,False,False,False,False,False,False,False,True,False,False,Thailand,amazon.com,Thailand Traffic from Amazon.com
2102,Website,traffic,0.35,500,1000000,False,True,False,False,False,False,False,False,False,False,False,False,False,False,False,False,False,False,False,False,False,False,False,False,False,False,False,True,False,False,Thailand,reddit,Thailand Traffic from Reddit
2103,Website,traffic,0.35,500,1000000,False,True,False,False,False,False,False,False,False,False,False,False,False,False,False,False,False,False,False,False,False,False,False,False,False,False,False,True,False,False,Thailand,quora,Thailand Traffic from Quora
2104,Website,traffic,0.35,500,1000000,False,True,False,False,False,False,False,False,False,False,False,False,False,False,False,False,False,False,False,False,False,False,False,False,False,False,False,True,False,False,Thailand,tumblr,Thailand Traffic from Tumblr
2105,Website,traffic,0.35,500,1000000,False,True,False,False,False,False,False,False,False,False,False,False,False,False,False,False,False,False,False,False,False,False,False,False,False,False,False,True,False,False,Thailand,pinterest.com,Thailand Traffic from Pinterest.com
2106,,traffic,0.35,500,1000000,False,True,False,False,False,False,False,False,False,False,False,False,False,False,False,False,False,False,False,False,False,False,False,False,False,False,False,True,False,False,Thailand,blogspot.com,Thailand Traffic from Blogspot.com
2107,Website,traffic,0.35,500,1000000,False,True,False,False,False,False,False,False,False,False,False,False,False,False,False,False,False,False,False,False,False,False,False,False,False,False,False,True,False,False,Thailand,linkedin,Thailand Traffic from LinkedIn
2108,,traffic,0.35,500,1000000,False,True,False,False,False,False,False,False,False,False,False,False,False,False,False,False,False,False,False,False,False,False,False,False,False,False,False,True,False,False,Thailand,bing.com,Thailand Traffic from Bing.com
2109,,traffic,0.35,500,1000000,False,True,False,False,False,False,False,False,False,False,False,False,False,False,False,False,False,False,False,False,False,False,False,False,False,False,False,True,False,False,Thailand,yahoo,Thailand Traffic from Yahoo
2110,Website,traffic,0.35,500,1000000,False,True,False,False,False,False,False,False,False,False,False,False,False,False,False,False,False,False,False,False,False,False,False,False,False,False,False,True,False,False,Thailand,twitch.tv,Thailand Traffic from Twitch.tv
2111,,traffic,0.35,500,1000000,False,True,False,False,False,False,False,False,False,False,False,False,False,False,False,False,False,False,False,False,False,False,False,False,False,False,False,True,False,False,Thailand,wikipedia,Thailand Traffic from Wikipedia
2112,,traffic,0.35,500,1000000,False,True,False,False,False,False,False,False,False,False,False,False,False,False,False,False,False,False,False,False,False,False,False,False,False,False,False,True,False,False,Thailand,fiverr,Thailand Traffic from Fiverr
2113,Website,traffic,0.35,500,1000000,False,True,False,False,False,False,False,False,False,False,False,False,False,False,False,False,False,False,False,False,False,False,False,False,False,False,False,True,False,False,Thailand,vk.com,Thailand Traffic from VK.com
2114,,traffic,0.35,500,1000000,False,True,False,False,False,False,False,False,False,False,False,False,False,False,False,False,False,False,False,False,False,False,False,False,False,False,False,True,False,False,Thailand,ebay.com,Thailand Traffic from Ebay.com
2115,,traffic,0.35,500,1000000,False,True,False,False,False,False,False,False,False,False,False,False,False,False,False,False,False,False,False,False,False,False,False,False,False,False,False,True,False,False,Thailand,pantip.com,Thailand Traffic from Pantip.com
2116,,traffic,0.35,500,1000000,False,True,False,False,False,False,False,False,False,False,False,False,False,False,False,False,False,False,False,False,False,False,False,False,False,False,False,True,False,False,Thailand,lazada.co.th,Thailand Traffic from Lazada.co.th
2117,,traffic,0.35,500,1000000,False,True,False,False,False,False,False,False,False,False,False,False,False,False,False,False,False,False,False,False,False,False,False,False,False,False,False,True,False,False,Thailand,sanook.com,Thailand Traffic from Sanook.com
2118,,traffic,0.35,500,1000000,False,True,False,False,False,False,False,False,False,False,False,False,False,False,False,False,False,False,False,False,False,False,False,False,False,False,False,True,False,False,Thailand,kapook.com,Thailand Traffic from Kapook.com
2119,,traffic,0.35,500,1000000,False,True,False,False,False,False,False,False,False,False,False,False,False,False,False,False,False,False,False,False,False,False,False,False,False,False,False,True,False,False,Thailand,shopee.co.th,Thailand Traffic from Shopee.co.th
2120,,traffic,0.35,500,1000000,False,True,False,False,False,False,False,False,False,False,False,False,False,False,False,False,False,False,False,False,False,False,False,False,False,False,False,True,False,False,Thailand,thairath.co.th,Thailand Traffic from Thairath.co.th
2121,,traffic,0.35,500,1000000,False,True,False,False,False,False,False,False,False,False,False,False,False,False,False,False,False,False,False,False,False,False,False,False,False,False,False,True,False,False,Thailand,mthai.com,Thailand Traffic from Mthai.com
1982,Website,traffic,0.46,1000,1000000,False,False,False,False,False,False,False,False,False,False,True,False,False,False,False,False,False,False,False,False,False,False,False,False,False,False,False,True,False,True,Japan,google.co.jp,🔎 Japan Traffic from Google.co.jp Search [Organic] [Custom Keywords]
1983,Website,traffic,0.46,1000,1000000,False,False,False,False,False,False,False,False,False,False,True,False,False,False,False,False,False,False,False,False,False,False,False,False,False,False,False,True,False,True,Japan,baidu.com,🔎 Japan Traffic from Baidu.com Search [Organic] [Custom Keywords]
1984,,traffic,0.46,1000,1000000,False,False,False,False,False,False,False,False,False,False,True,False,False,False,False,False,False,False,False,False,False,False,False,False,False,False,False,True,False,True,Japan,naver.com,🔎 Japan Traffic from Naver.com Search [Organic] [Custom Keywords]
1985,Website,traffic,0.35,500,1000000,False,True,False,False,False,False,False,False,False,False,False,False,False,False,False,False,False,False,False,False,False,False,False,False,False,False,False,True,False,False,Japan,google.co.jp,Japan Traffic from Google.co.jp
1986,,traffic,0.35,500,100000,False,True,False,False,False,False,False,False,False,False,False,False,False,False,False,False,False,False,False,False,False,False,False,False,False,False,False,True,False,False,Japan,naver.com,Japan Traffic from Naver.com
1987,Website,traffic,0.35,500,1000000,False,True,False,False,False,False,False,False,False,False,False,False,False,False,False,False,False,False,False,False,False,False,False,False,False,False,False,True,False,False,Japan,baidu.com,Japan Traffic from Baidu.com
1988,Website,traffic,0.35,500,1000000,False,True,False,False,False,False,False,False,False,False,False,False,False,False,False,False,False,False,False,False,False,False,False,False,False,False,False,True,False,False,Japan,youtube,Japan Traffic from YouTube
1989,Website,traffic,0.35,500,1000000,False,True,False,False,False,False,False,False,False,False,False,False,False,False,False,False,False,False,False,False,False,False,False,False,False,False,False,True,False,False,Japan,facebook,Japan Traffic from Facebook
1990,Website,traffic,0.35,500,1000000,False,True,False,False,False,False,False,False,False,False,False,False,False,False,False,False,False,False,False,False,False,False,False,False,False,False,False,True,False,False,Japan,instagram,Japan Traffic from Instagram
1991,Website,traffic,0.35,500,1000000,False,True,False,False,False,False,False,False,False,False,False,False,False,False,False,False,False,False,False,False,False,False,False,False,False,False,False,True,False,False,Japan,twitter,Japan Traffic from Twitter
1992,Website,traffic,0.35,500,1000000,False,True,False,False,False,False,False,False,False,False,False,False,False,False,False,False,False,False,False,False,False,False,False,False,False,False,False,True,False,False,Japan,amazon.co.jp,Japan Traffic from Amazon.co.jp
1993,Website,traffic,0.35,500,1000000,False,True,False,False,False,False,False,False,False,False,False,False,False,False,False,False,False,False,False,False,False,False,False,False,False,False,False,True,False,False,Japan,reddit,Japan Traffic from Reddit
1994,Website,traffic,0.35,500,1000000,False,True,False,False,False,False,False,False,False,False,False,False,False,False,False,False,False,False,False,False,False,False,False,False,False,False,False,True,False,False,Japan,quora,Japan Traffic from Quora
1995,Website,traffic,0.35,500,1000000,False,True,False,False,False,False,False,False,False,False,False,False,False,False,False,False,False,False,False,False,False,False,False,False,False,False,False,True,False,False,Japan,tumblr,Japan Traffic from Tumblr
1996,Website,traffic,0.35,500,1000000,False,True,False,False,False,False,False,False,False,False,False,False,False,False,False,False,False,False,False,False,False,False,False,False,False,False,False,True,False,False,Japan,pinterest.com,Japan Traffic from Pinterest.com
1997,,traffic,0.35,500,1000000,False,True,False,False,False,False,False,False,False,False,False,False,False,False,False,False,False,False,False,False,False,False,False,False,False,False,False,True,False,False,Japan,blogspot.com,Japan Traffic from Blogspot.com
1998,Website,traffic,0.35,500,1000000,False,True,False,False,False,False,False,False,False,False,False,False,False,False,False,False,False,False,False,False,False,False,False,False,False,False,False,True,False,False,Japan,linkedin,Japan Traffic from LinkedIn
1999,,traffic,0.35,500,1000000,False,True,False,False,False,False,False,False,False,False,False,False,False,False,False,False,False,False,False,False,False,False,False,False,False,False,False,True,False,False,Japan,bing.com,Japan Traffic from Bing.com
2000,,traffic,0.35,500,1000000,False,True,False,False,False,False,False,False,False,False,False,False,False,False,False,False,False,False,False,False,False,False,False,False,False,False,False,True,False,False,Japan,yahoo.co.jp,Japan Traffic from Yahoo.co.jp
2001,Website,traffic,0.35,500,1000000,False,True,False,False,False,False,False,False,False,False,False,False,False,False,False,False,False,False,False,False,False,False,False,False,False,False,False,True,False,False,Japan,twitch.tv,Japan Traffic from Twitch.tv
2002,,traffic,0.35,500,1000000,False,True,False,False,False,False,False,False,False,False,False,False,False,False,False,False,False,False,False,False,False,False,False,False,False,False,False,True,False,False,Japan,wikipedia,Japan Traffic from Wikipedia
2003,,traffic,0.35,500,1000000,False,True,False,False,False,False,False,False,False,False,False,False,False,False,False,False,False,False,False,False,False,False,False,False,False,False,False,True,False,False,Japan,fiverr,Japan Traffic from Fiverr
2004,Website,traffic,0.35,500,1000000,False,True,False,False,False,False,False,False,False,False,False,False,False,False,False,False,False,False,False,False,False,False,False,False,False,False,False,True,False,False,Japan,vk.com,Japan Traffic from VK.com
2005,,traffic,0.35,500,1000000,False,True,False,False,False,False,False,False,False,False,False,False,False,False,False,False,False,False,False,False,False,False,False,False,False,False,False,True,False,False,Japan,ebay.com,Japan Traffic from Ebay.com
2006,,traffic,0.35,500,1000000,False,True,False,False,False,False,False,False,False,False,False,False,False,False,False,False,False,False,False,False,False,False,False,False,False,False,False,True,False,False,Japan,news.yahoo.co.jp,Japan Traffic from news.Yahoo.co.jp
2007,,traffic,0.35,500,1000000,False,True,False,False,False,False,False,False,False,False,False,False,False,False,False,False,False,False,False,False,False,False,False,False,False,False,False,True,False,False,Japan,rakuten.co.jp,Japan Traffic from Rakuten.co.jp
2008,,traffic,0.35,500,1000000,False,True,False,False,False,False,False,False,False,False,False,False,False,False,False,False,False,False,False,False,False,False,False,False,False,False,False,True,False,False,Japan,nicovideo.jp,Japan Traffic from nicovideo.jp
2009,,traffic,0.35,500,1000000,False,True,False,False,False,False,False,False,False,False,False,False,False,False,False,False,False,False,False,False,False,False,False,False,False,False,False,True,False,False,Japan,livedoor.com,Japan Traffic from livedoor.com
2010,,traffic,0.35,500,1000000,False,True,False,False,False,False,False,False,False,False,False,False,False,False,False,False,False,False,False,False,False,False,False,False,False,False,False,True,False,False,Japan,kakaku.com,Japan Traffic from kakaku.com
2011,,traffic,0.35,500,1000000,False,True,False,False,False,False,False,False,False,False,False,False,False,False,False,False,False,False,False,False,False,False,False,False,False,False,False,True,False,False,Japan,ameblo.jp,Japan Traffic from ameblo.jp
2012,,traffic,0.35,500,1000000,False,True,False,False,False,False,False,False,False,False,False,False,False,False,False,False,False,False,False,False,False,False,False,False,False,False,False,True,False,False,Japan,pixiv.net,Japan Traffic from pixiv.net
2013,,traffic,0.35,500,1000000,False,True,False,False,False,False,False,False,False,False,False,False,False,False,False,False,False,False,False,False,False,False,False,False,False,False,False,True,False,False,Japan,auone.jp,Japan Traffic from auone.jp
2014,,traffic,0.35,500,1000000,False,True,False,False,False,False,False,False,False,False,False,False,False,False,False,False,False,False,False,False,False,False,False,False,False,False,False,True,False,False,Japan,goo.ne.jp,Japan Traffic from goo.ne.jp
2015,,traffic,0.35,500,1000000,False,True,False,False,False,False,False,False,False,False,False,False,False,False,False,False,False,False,False,False,False,False,False,False,False,False,False,True,False,False,Japan,syosetu.jp,Japan Traffic from syosetu.jp
2016,,traffic,0.35,500,1000000,False,True,False,False,False,False,False,False,False,False,False,False,False,False,False,False,False,False,False,False,False,False,False,False,False,False,False,True,False,False,Japan,blog.jp,Japan Traffic from blog.jp
2017,,traffic,0.35,500,1000000,False,True,False,False,False,False,False,False,False,False,False,False,False,False,False,False,False,False,False,False,False,False,False,False,False,False,False,True,False,False,Japan,matome.naver.jp,Japan Traffic from matome.naver.jp (blogs)
2036,Website,traffic,0.46,1000,1000000,False,False,False,False,False,False,False,False,False,False,True,False,False,False,False,False,False,False,False,False,False,False,False,False,False,False,False,True,False,True,Pakistan,google.com.pk,🔎 Pakistan Traffic from Google.com.pk Search [Organic] [Custom Keywords]
2037,Website,traffic,0.35,500,1000000,False,True,False,False,False,False,False,False,False,False,False,False,False,False,False,False,False,False,False,False,False,False,False,False,False,False,False,True,False,False,Pakistan,google.com.pk,Pakistan Traffic from Google.com.pk
2038,Website,traffic,0.35,500,1000000,False,True,False,False,False,False,False,False,False,False,False,False,False,False,False,False,False,False,False,False,False,False,False,False,False,False,False,True,False,False,Pakistan,youtube,Pakistan Traffic from YouTube
2039,Website,traffic,0.35,500,1000000,False,True,False,False,False,False,False,False,False,False,False,False,False,False,False,False,False,False,False,False,False,False,False,False,False,False,False,True,False,False,Pakistan,facebook,Pakistan Traffic from Facebook
2040,Website,traffic,0.35,500,1000000,False,True,False,False,False,False,False,False,False,False,False,False,False,False,False,False,False,False,False,False,False,False,False,False,False,False,False,True,False,False,Pakistan,instagram,Pakistan Traffic from Instagram
2041,Website,traffic,0.35,500,1000000,False,True,False,False,False,False,False,False,False,False,False,False,False,False,False,False,False,False,False,False,False,False,False,False,False,False,False,True,False,False,Pakistan,twitter,Pakistan Traffic from Twitter
2042,Website,traffic,0.35,500,1000000,False,True,False,False,False,False,False,False,False,False,False,False,False,False,False,False,False,False,False,False,False,False,False,False,False,False,False,True,False,False,Pakistan,amazon.com,Pakistan Traffic from Amazon.com
2043,Website,traffic,0.35,500,1000000,False,True,False,False,False,False,False,False,False,False,False,False,False,False,False,False,False,False,False,False,False,False,False,False,False,False,False,True,False,False,Pakistan,reddit,Pakistan Traffic from Reddit
2044,Website,traffic,0.35,500,1000000,False,True,False,False,False,False,False,False,False,False,False,False,False,False,False,False,False,False,False,False,False,False,False,False,False,False,False,True,False,False,Pakistan,quora,Pakistan Traffic from Quora
2045,Website,traffic,0.35,500,1000000,False,True,False,False,False,False,False,False,False,False,False,False,False,False,False,False,False,False,False,False,False,False,False,False,False,False,False,True,False,False,Pakistan,tumblr,Pakistan Traffic from Tumblr
2046,Website,traffic,0.35,500,1000000,False,True,False,False,False,False,False,False,False,False,False,False,False,False,False,False,False,False,False,False,False,False,False,False,False,False,False,True,False,False,Pakistan,pinterest.com,Pakistan Traffic from Pinterest.com
2047,,traffic,0.35,500,1000000,False,True,False,False,False,False,False,False,False,False,False,False,False,False,False,False,False,False,False,False,False,False,False,False,False,False,False,True,False,False,Pakistan,blogspot.com,Pakistan Traffic from Blogspot.com
2048,Website,traffic,0.35,500,1000000,False,True,False,False,False,False,False,False,False,False,False,False,False,False,False,False,False,False,False,False,False,False,False,False,False,False,False,True,False,False,Pakistan,linkedin,Pakistan Traffic from LinkedIn
2049,,traffic,0.35,500,1000000,False,True,False,False,False,False,False,False,False,False,False,False,False,False,False,False,False,False,False,False,False,False,False,False,False,False,False,True,False,False,Pakistan,bing.com,Pakistan Traffic from Bing.com
2050,,traffic,0.35,500,1000000,False,True,False,False,False,False,False,False,False,False,False,False,False,False,False,False,False,False,False,False,False,False,False,False,False,False,False,True,False,False,Pakistan,yahoo,Pakistan Traffic from Yahoo
2051,Website,traffic,0.35,500,1000000,False,True,False,False,False,False,False,False,False,False,False,False,False,False,False,False,False,False,False,False,False,False,False,False,False,False,False,True,False,False,Pakistan,twitch.tv,Pakistan Traffic from Twitch.tv
2052,,traffic,0.35,500,1000000,False,True,False,False,False,False,False,False,False,False,False,False,False,False,False,False,False,False,False,False,False,False,False,False,False,False,False,True,False,False,Pakistan,wikipedia,Pakistan Traffic from Wikipedia
2053,,traffic,0.35,500,1000000,False,True,False,False,False,False,False,False,False,False,False,False,False,False,False,False,False,False,False,False,False,False,False,False,False,False,False,True,False,False,Pakistan,fiverr,Pakistan Traffic from Fiverr
2054,Website,traffic,0.35,500,1000000,False,True,False,False,False,False,False,False,False,False,False,False,False,False,False,False,False,False,False,False,False,False,False,False,False,False,False,True,False,False,Pakistan,vk.com,Pakistan Traffic from VK.com
2055,,traffic,0.35,500,1000000,False,True,False,False,False,False,False,False,False,False,False,False,False,False,False,False,False,False,False,False,False,False,False,False,False,False,False,True,False,False,Pakistan,ebay.com,Pakistan Traffic from Ebay.com
2056,,traffic,0.35,500,1000000,False,True,False,False,False,False,False,False,False,False,False,False,False,False,False,False,False,False,False,False,False,False,False,False,False,False,False,True,False,False,Pakistan,urdupoint.com,Pakistan Traffic from Urdupoint.com
2057,,traffic,0.35,500,1000000,False,True,False,False,False,False,False,False,False,False,False,False,False,False,False,False,False,False,False,False,False,False,False,False,False,False,False,True,False,False,Pakistan,hamariweb.com,Pakistan Traffic from Hamariweb.com
2058,,traffic,0.35,500,1000000,False,True,False,False,False,False,False,False,False,False,False,False,False,False,False,False,False,False,False,False,False,False,False,False,False,False,False,True,False,False,Pakistan,express.pk,Pakistan Traffic from Express.pk
2059,,traffic,0.35,500,1000000,False,True,False,False,False,False,False,False,False,False,False,False,False,False,False,False,False,False,False,False,False,False,False,False,False,False,False,True,False,False,Pakistan,thenews.com.pk,Pakistan Traffic from Thenews.com.pk
2060,,traffic,0.35,500,1000000,False,True,False,False,False,False,False,False,False,False,False,False,False,False,False,False,False,False,False,False,False,False,False,False,False,False,False,True,False,False,Pakistan,daraz.pk,Pakistan Traffic from Daraz.pk
2061,,traffic,0.35,500,1000000,False,True,False,False,False,False,False,False,False,False,False,False,False,False,False,False,False,False,False,False,False,False,False,False,False,False,False,True,False,False,Pakistan,olx.com.pk,Pakistan Traffic from Olx.com.pk
2062,,traffic,0.35,500,1000000,False,True,False,False,False,False,False,False,False,False,False,False,False,False,False,False,False,False,False,False,False,False,False,False,False,False,False,True,False,False,Pakistan,dunyanews.tv,Pakistan Traffic from Dunyanews.tv
2063,,traffic,0.35,500,1000000,False,True,False,False,False,False,False,False,False,False,False,False,False,False,False,False,False,False,False,False,False,False,False,False,False,False,False,True,False,False,Pakistan,tribune.com.pk,Pakistan Traffic from Tribune.com.pk
2064,Website,traffic,0.46,1000,1000000,False,False,False,False,False,False,False,False,False,False,True,False,False,False,False,False,False,False,False,False,False,False,False,False,False,False,False,True,False,True,Egypt,google.com.eg,🔎 Egypt Traffic from Google.com.eg Search [Organic] [Custom Keywords]
2065,Website,traffic,0.35,500,1000000,False,True,False,False,False,False,False,False,False,False,False,False,False,False,False,False,False,False,False,False,False,False,False,False,False,False,False,True,False,False,Egypt,google.com.eg,Egypt Traffic from Google.com.eg
2066,Website,traffic,0.35,500,1000000,False,True,False,False,False,False,False,False,False,False,False,False,False,False,False,False,False,False,False,False,False,False,False,False,False,False,False,True,False,False,Egypt,facebook,Egypt Traffic from Facebook
2067,Website,traffic,0.35,500,1000000,False,True,False,False,False,False,False,False,False,False,False,False,False,False,False,False,False,False,False,False,False,False,False,False,False,False,False,True,False,False,Egypt,youtube,Egypt Traffic from YouTube
2068,Website,traffic,0.35,500,1000000,False,True,False,False,False,False,False,False,False,False,False,False,False,False,False,False,False,False,False,False,False,False,False,False,False,False,False,True,False,False,Egypt,instagram,Egypt Traffic from Instagram
2069,Website,traffic,0.35,500,1000000,False,True,False,False,False,False,False,False,False,False,False,False,False,False,False,False,False,False,False,False,False,False,False,False,False,False,False,True,False,False,Egypt,twitter,Egypt Traffic from Twitter
2070,Website,traffic,0.35,500,1000000,False,True,False,False,False,False,False,False,False,False,False,False,False,False,False,False,False,False,False,False,False,False,False,False,False,False,False,True,False,False,Egypt,amazon.com,Egypt Traffic from Amazon.com
2071,Website,traffic,0.35,500,1000000,False,True,False,False,False,False,False,False,False,False,False,False,False,False,False,False,False,False,False,False,False,False,False,False,False,False,False,True,False,False,Egypt,reddit,Egypt Traffic from Reddit
2072,Website,traffic,0.35,500,1000000,False,True,False,False,False,False,False,False,False,False,False,False,False,False,False,False,False,False,False,False,False,False,False,False,False,False,False,True,False,False,Egypt,quora,Egypt Traffic from Quora
2073,Website,traffic,0.35,500,1000000,False,True,False,False,False,False,False,False,False,False,False,False,False,False,False,False,False,False,False,False,False,False,False,False,False,False,False,True,False,False,Egypt,tumblr,Egypt Traffic from Tumblr
2074,Website,traffic,0.35,500,1000000,False,True,False,False,False,False,False,False,False,False,False,False,False,False,False,False,False,False,False,False,False,False,False,False,False,False,False,True,False,False,Egypt,pinterest.com,Egypt Traffic from Pinterest.com
2075,,traffic,0.35,500,1000000,False,True,False,False,False,False,False,False,False,False,False,False,False,False,False,False,False,False,False,False,False,False,False,False,False,False,False,True,False,False,Egypt,blogspot.com,Egypt Traffic from Blogspot.com
2076,Website,traffic,0.35,500,1000000,False,True,False,False,False,False,False,False,False,False,False,False,False,False,False,False,False,False,False,False,False,False,False,False,False,False,False,True,False,False,Egypt,linkedin,Egypt Traffic from LinkedIn
2077,,traffic,0.35,500,1000000,False,True,False,False,False,False,False,False,False,False,False,False,False,False,False,False,False,False,False,False,False,False,False,False,False,False,False,True,False,False,Egypt,bing.com,Egypt Traffic from Bing.com
2078,,traffic,0.35,500,1000000,False,True,False,False,False,False,False,False,False,False,False,False,False,False,False,False,False,False,False,False,False,False,False,False,False,False,False,True,False,False,Egypt,yahoo,Egypt Traffic from Yahoo
2079,Website,traffic,0.35,500,1000000,False,True,False,False,False,False,False,False,False,False,False,False,False,False,False,False,False,False,False,False,False,False,False,False,False,False,False,True,False,False,Egypt,twitch.tv,Egypt Traffic from Twitch.tv
2080,,traffic,0.35,500,1000000,False,True,False,False,False,False,False,False,False,False,False,False,False,False,False,False,False,False,False,False,False,False,False,False,False,False,False,True,False,False,Egypt,wikipedia,Egypt Traffic from Wikipedia
2081,,traffic,0.35,500,1000000,False,True,False,False,False,False,False,False,False,False,False,False,False,False,False,False,False,False,False,False,False,False,False,False,False,False,False,True,False,False,Egypt,fiverr,Egypt Traffic from Fiverr
2082,Website,traffic,0.35,500,1000000,False,True,False,False,False,False,False,False,False,False,False,False,False,False,False,False,False,False,False,False,False,False,False,False,False,False,False,True,False,False,Egypt,vk.com,Egypt Traffic from VK.com
2083,,traffic,0.35,500,1000000,False,True,False,False,False,False,False,False,False,False,False,False,False,False,False,False,False,False,False,False,False,False,False,False,False,False,False,True,False,False,Egypt,ebay.com,Egypt Traffic from Ebay.com
2084,,traffic,0.35,500,1000000,False,True,False,False,False,False,False,False,False,False,False,False,False,False,False,False,False,False,False,False,False,False,False,False,False,False,False,True,False,False,Egypt,youm7.com,Egypt Traffic from Youm7.com
2085,,traffic,0.35,500,1000000,False,True,False,False,False,False,False,False,False,False,False,False,False,False,False,False,False,False,False,False,False,False,False,False,False,False,False,True,False,False,Egypt,elbalad.news,Egypt Traffic from Elbalad.news
2086,,traffic,0.35,500,1000000,False,True,False,False,False,False,False,False,False,False,False,False,False,False,False,False,False,False,False,False,False,False,False,False,False,False,False,True,False,False,Egypt,albawabhnews.com,Egypt Traffic from Albawabhnews.com
2087,,traffic,0.35,500,1000000,False,True,False,False,False,False,False,False,False,False,False,False,False,False,False,False,False,False,False,False,False,False,False,False,False,False,False,True,False,False,Egypt,elwatannews.com,Egypt Traffic from Elwatannews.com
2088,,traffic,0.35,500,1000000,False,True,False,False,False,False,False,False,False,False,False,False,False,False,False,False,False,False,False,False,False,False,False,False,False,False,False,True,False,False,Egypt,deloplen.com,Egypt Traffic from Deloplen.com
2089,,traffic,0.35,500,1000000,False,True,False,False,False,False,False,False,False,False,False,False,False,False,False,False,False,False,False,False,False,False,False,False,False,False,False,True,False,False,Egypt,elmogaz.com,Egypt Traffic from Elmogaz.com
2090,,traffic,0.35,500,1000000,False,True,False,False,False,False,False,False,False,False,False,False,False,False,False,False,False,False,False,False,False,False,False,False,False,False,False,True,False,False,Egypt,alwafd.news,Egypt Traffic from Alwafd.news
2091,,traffic,0.35,500,1000000,False,True,False,False,False,False,False,False,False,False,False,False,False,False,False,False,False,False,False,False,False,False,False,False,False,False,False,True,False,False,Egypt,yallakora.com,Egypt Traffic from Yallakora.com
2092,,traffic,0.35,500,1000000,False,True,False,False,False,False,False,False,False,False,False,False,False,False,False,False,False,False,False,False,False,False,False,False,False,False,False,True,False,False,Egypt,elfagr.com,Egypt Traffic from Elfagr.com
2093,,traffic,0.35,500,1000000,False,True,False,False,False,False,False,False,False,False,False,False,False,False,False,False,False,False,False,False,False,False,False,False,False,False,False,True,False,False,Egypt,souq.com,Egypt Traffic from Souq.com
2094,,traffic,0.35,500,1000000,False,True,False,False,False,False,False,False,False,False,False,False,False,False,False,False,False,False,False,False,False,False,False,False,False,False,False,True,False,False,Egypt,olx.com.eg,Egypt Traffic from Olx.com.eg
2241,Website,traffic,0.46,1000,1000000,False,False,False,False,False,False,False,False,False,False,True,False,False,False,False,False,False,False,False,False,False,False,False,False,False,False,False,True,False,True,Portugal,google.pt,🔎 Portugal Traffic from Google.pt Search [Organic] [Custom Keywords]
2242,Website,traffic,0.35,500,1000000,False,True,False,False,False,False,False,False,False,False,False,False,False,False,False,False,False,False,False,False,False,False,False,False,False,False,False,True,False,False,Portugal,google.pt,Portugal Traffic from Google.pt
2243,Website,traffic,0.35,500,1000000,False,True,False,False,False,False,False,False,False,False,False,False,False,False,False,False,False,False,False,False,False,False,False,False,False,False,False,True,False,False,Portugal,youtube,Portugal Traffic from YouTube
2244,Website,traffic,0.35,500,1000000,False,True,False,False,False,False,False,False,False,False,False,False,False,False,False,False,False,False,False,False,False,False,False,False,False,False,False,True,False,False,Portugal,facebook,Portugal Traffic from Facebook
2245,Website,traffic,0.35,500,1000000,False,True,False,False,False,False,False,False,False,False,False,False,False,False,False,False,False,False,False,False,False,False,False,False,False,False,False,True,False,False,Portugal,instagram,Portugal Traffic from Instagram
2246,Website,traffic,0.35,500,1000000,False,True,False,False,False,False,False,False,False,False,False,False,False,False,False,False,False,False,False,False,False,False,False,False,False,False,False,True,False,False,Portugal,twitter,Portugal Traffic from Twitter
2247,Website,traffic,0.35,500,1000000,False,True,False,False,False,False,False,False,False,False,False,False,False,False,False,False,False,False,False,False,False,False,False,False,False,False,False,True,False,False,Portugal,amazon.com,Portugal Traffic from Amazon.com
2248,Website,traffic,0.35,500,1000000,False,True,False,False,False,False,False,False,False,False,False,False,False,False,False,False,False,False,False,False,False,False,False,False,False,False,False,True,False,False,Portugal,reddit,Portugal Traffic from Reddit
2249,Website,traffic,0.35,500,1000000,False,True,False,False,False,False,False,False,False,False,False,False,False,False,False,False,False,False,False,False,False,False,False,False,False,False,False,True,False,False,Portugal,quora,Portugal Traffic from Quora
2250,Website,traffic,0.35,500,1000000,False,True,False,False,False,False,False,False,False,False,False,False,False,False,False,False,False,False,False,False,False,False,False,False,False,False,False,True,False,False,Portugal,tumblr,Portugal Traffic from Tumblr
2251,Website,traffic,0.35,500,1000000,False,True,False,False,False,False,False,False,False,False,False,False,False,False,False,False,False,False,False,False,False,False,False,False,False,False,False,True,False,False,Portugal,pinterest.com,Portugal Traffic from Pinterest.com
2252,,traffic,0.35,500,1000000,False,True,False,False,False,False,False,False,False,False,False,False,False,False,False,False,False,False,False,False,False,False,False,False,False,False,False,True,False,False,Portugal,blogspot.com,Portugal Traffic from Blogspot.com
2253,Website,traffic,0.35,500,1000000,False,True,False,False,False,False,False,False,False,False,False,False,False,False,False,False,False,False,False,False,False,False,False,False,False,False,False,True,False,False,Portugal,linkedin,Portugal Traffic from LinkedIn
2254,,traffic,0.35,500,1000000,False,True,False,False,False,False,False,False,False,False,False,False,False,False,False,False,False,False,False,False,False,False,False,False,False,False,False,True,False,False,Portugal,bing.com,Portugal Traffic from Bing.com
2255,,traffic,0.35,500,1000000,False,True,False,False,False,False,False,False,False,False,False,False,False,False,False,False,False,False,False,False,False,False,False,False,False,False,False,True,False,False,Portugal,yahoo,Portugal Traffic from Yahoo
2256,Website,traffic,0.35,500,1000000,False,True,False,False,False,False,False,False,False,False,False,False,False,False,False,False,False,False,False,False,False,False,False,False,False,False,False,True,False,False,Portugal,twitch.tv,Portugal Traffic from Twitch.tv
2257,,traffic,0.35,500,1000000,False,True,False,False,False,False,False,False,False,False,False,False,False,False,False,False,False,False,False,False,False,False,False,False,False,False,False,True,False,False,Portugal,wikipedia,Portugal Traffic from Wikipedia
2258,,traffic,0.35,500,1000000,False,True,False,False,False,False,False,False,False,False,False,False,False,False,False,False,False,False,False,False,False,False,False,False,False,False,False,True,False,False,Portugal,fiverr,Portugal Traffic from Fiverr
2259,Website,traffic,0.35,500,1000000,False,True,False,False,False,False,False,False,False,False,False,False,False,False,False,False,False,False,False,False,False,False,False,False,False,False,False,True,False,False,Portugal,vk.com,Portugal Traffic from VK.com
2260,,traffic,0.35,500,1000000,False,True,False,False,False,False,False,False,False,False,False,False,False,False,False,False,False,False,False,False,False,False,False,False,False,False,False,True,False,False,Portugal,ebay.com,Portugal Traffic from Ebay.com
2261,,traffic,0.35,500,1000000,False,True,False,False,False,False,False,False,False,False,False,False,False,False,False,False,False,False,False,False,False,False,False,False,False,False,False,True,False,False,Portugal,sapo.pt,Portugal Traffic from Sapo.pt
2262,,traffic,0.35,500,1000000,False,True,False,False,False,False,False,False,False,False,False,False,False,False,False,False,False,False,False,False,False,False,False,False,False,False,False,True,False,False,Portugal,olx.pt,Portugal Traffic from Olx.pt
2263,,traffic,0.35,500,1000000,False,True,False,False,False,False,False,False,False,False,False,False,False,False,False,False,False,False,False,False,False,False,False,False,False,False,False,True,False,False,Portugal,abola.pt,Portugal Traffic from Abola.pt
2264,,traffic,0.35,500,1000000,False,True,False,False,False,False,False,False,False,False,False,False,False,False,False,False,False,False,False,False,False,False,False,False,False,False,False,True,False,False,Portugal,record.pt,Portugal Traffic from Record.pt
2265,,traffic,0.35,500,1000000,False,True,False,False,False,False,False,False,False,False,False,False,False,False,False,False,False,False,False,False,False,False,False,False,False,False,False,True,False,False,Portugal,iol.pt,Portugal Traffic from IOL.pt
2266,,traffic,0.35,500,1000000,False,True,False,False,False,False,False,False,False,False,False,False,False,False,False,False,False,False,False,False,False,False,False,False,False,False,False,True,False,False,Portugal,publico.pt,Portugal Traffic from Publico.pt
2267,Website,traffic,0.46,1000,1000000,False,False,False,False,False,False,False,False,False,False,True,False,False,False,False,False,False,False,False,False,False,False,False,False,False,False,False,True,False,True,Romania,google.ro,🔎 Romania Traffic from Google.ro Search [Organic] [Custom Keywords]
2268,Website,traffic,0.35,500,1000000,False,True,False,False,False,False,False,False,False,False,False,False,False,False,False,False,False,False,False,False,False,False,False,False,False,False,False,True,False,False,Romania,google.ro,Romania Traffic from Google.ro
2269,Website,traffic,0.35,500,1000000,False,True,False,False,False,False,False,False,False,False,False,False,False,False,False,False,False,False,False,False,False,False,False,False,False,False,False,True,False,False,Romania,youtube,Romania Traffic from YouTube
2270,Website,traffic,0.35,500,1000000,False,True,False,False,False,False,False,False,False,False,False,False,False,False,False,False,False,False,False,False,False,False,False,False,False,False,False,True,False,False,Romania,facebook,Romania Traffic from Facebook
2271,Website,traffic,0.35,500,1000000,False,True,False,False,False,False,False,False,False,False,False,False,False,False,False,False,False,False,False,False,False,False,False,False,False,False,False,True,False,False,Romania,instagram,Romania Traffic from Instagram
2272,Website,traffic,0.35,500,1000000,False,True,False,False,False,False,False,False,False,False,False,False,False,False,False,False,False,False,False,False,False,False,False,False,False,False,False,True,False,False,Romania,twitter,Romania Traffic from Twitter
2273,Website,traffic,0.35,500,1000000,False,True,False,False,False,False,False,False,False,False,False,False,False,False,False,False,False,False,False,False,False,False,False,False,False,False,False,True,False,False,Romania,amazon.com,Romania Traffic from Amazon.com
2274,Website,traffic,0.35,500,1000000,False,True,False,False,False,False,False,False,False,False,False,False,False,False,False,False,False,False,False,False,False,False,False,False,False,False,False,True,False,False,Romania,reddit,Romania Traffic from Reddit
2275,Website,traffic,0.35,500,1000000,False,True,False,False,False,False,False,False,False,False,False,False,False,False,False,False,False,False,False,False,False,False,False,False,False,False,False,True,False,False,Romania,quora,Romania Traffic from Quora
2276,Website,traffic,0.35,500,1000000,False,True,False,False,False,False,False,False,False,False,False,False,False,False,False,False,False,False,False,False,False,False,False,False,False,False,False,True,False,False,Romania,tumblr,Romania Traffic from Tumblr
2277,Website,traffic,0.35,500,1000000,False,True,False,False,False,False,False,False,False,False,False,False,False,False,False,False,False,False,False,False,False,False,False,False,False,False,False,True,False,False,Romania,pinterest.com,Romania Traffic from Pinterest.com
2278,,traffic,0.35,500,1000000,False,True,False,False,False,False,False,False,False,False,False,False,False,False,False,False,False,False,False,False,False,False,False,False,False,False,False,True,False,False,Romania,blogspot.com,Romania Traffic from Blogspot.com
2279,Website,traffic,0.35,500,1000000,False,True,False,False,False,False,False,False,False,False,False,False,False,False,False,False,False,False,False,False,False,False,False,False,False,False,False,True,False,False,Romania,linkedin,Romania Traffic from LinkedIn
2280,,traffic,0.35,500,1000000,False,True,False,False,False,False,False,False,False,False,False,False,False,False,False,False,False,False,False,False,False,False,False,False,False,False,False,True,False,False,Romania,bing.com,Romania Traffic from Bing.com
2281,,traffic,0.35,500,1000000,False,True,False,False,False,False,False,False,False,False,False,False,False,False,False,False,False,False,False,False,False,False,False,False,False,False,False,True,False,False,Romania,yahoo,Romania Traffic from Yahoo
2282,Website,traffic,0.35,500,1000000,False,True,False,False,False,False,False,False,False,False,False,False,False,False,False,False,False,False,False,False,False,False,False,False,False,False,False,True,False,False,Romania,twitch.tv,Romania Traffic from Twitch.tv
2283,,traffic,0.35,500,1000000,False,True,False,False,False,False,False,False,False,False,False,False,False,False,False,False,False,False,False,False,False,False,False,False,False,False,False,True,False,False,Romania,wikipedia,Romania Traffic from Wikipedia
2284,,traffic,0.35,500,1000000,False,True,False,False,False,False,False,False,False,False,False,False,False,False,False,False,False,False,False,False,False,False,False,False,False,False,False,True,False,False,Romania,fiverr,Romania Traffic from Fiverr
2285,Website,traffic,0.35,500,1000000,False,True,False,False,False,False,False,False,False,False,False,False,False,False,False,False,False,False,False,False,False,False,False,False,False,False,False,True,False,False,Romania,vk.com,Romania Traffic from VK.com
2286,,traffic,0.35,500,1000000,False,True,False,False,False,False,False,False,False,False,False,False,False,False,False,False,False,False,False,False,False,False,False,False,False,False,False,True,False,False,Romania,ebay.com,Romania Traffic from Ebay.com
2287,,traffic,0.35,500,1000000,False,True,False,False,False,False,False,False,False,False,False,False,False,False,False,False,False,False,False,False,False,False,False,False,False,False,False,True,False,False,Romania,olx.ro,Romania Traffic from Olx.ro
2288,,traffic,0.35,500,1000000,False,True,False,False,False,False,False,False,False,False,False,False,False,False,False,False,False,False,False,False,False,False,False,False,False,False,False,True,False,False,Romania,emag.ro,Romania Traffic from Emag.ro
2289,,traffic,0.35,500,1000000,False,True,False,False,False,False,False,False,False,False,False,False,False,False,False,False,False,False,False,False,False,False,False,False,False,False,False,True,False,False,Romania,digi24.ro,Romania Traffic from Digi24.ro
2290,,traffic,0.35,500,1000000,False,True,False,False,False,False,False,False,False,False,False,False,False,False,False,False,False,False,False,False,False,False,False,False,False,False,False,True,False,False,Romania,adevarul.ro,Romania Traffic from Adevarul.ro
2706,Website,traffic,0.63,1000,1000000,False,False,False,False,False,False,False,False,False,False,True,False,False,False,False,False,False,False,False,False,False,False,False,False,False,False,False,True,False,True,Unspecified,google,🔎 Moldova Traffic from Google [Organic] [Custom Keywords]
2705,,traffic,0.49,1000,1000000,False,True,False,False,False,False,False,False,False,False,False,False,False,False,False,False,False,False,False,False,False,False,False,False,False,False,False,True,False,False,Unspecified,Unspecified,Moldova Traffic - Direct Visits
2707,Website,traffic,0.49,1000,1000000,False,True,False,False,False,False,False,False,False,False,False,False,False,False,False,False,False,False,False,False,False,False,False,False,False,False,False,True,False,False,Unspecified,google,Moldova Traffic from Google
2708,Website,traffic,0.49,1000,1000000,False,True,False,False,False,False,False,False,False,False,False,False,False,False,False,False,False,False,False,False,False,False,False,False,False,False,False,True,False,False,Unspecified,youtube,Moldova Traffic from YouTube
2709,Website,traffic,0.49,1000,1000000,False,True,False,False,False,False,False,False,False,False,False,False,False,False,False,False,False,False,False,False,False,False,False,False,False,False,False,True,False,False,Unspecified,facebook,Moldova Traffic from Facebook
2710,Website,traffic,0.49,1000,1000000,False,True,False,False,False,False,False,False,False,False,False,False,False,False,False,False,False,False,False,False,False,False,False,False,False,False,False,True,False,False,Unspecified,instagram,Moldova Traffic from Instagram
2711,Website,traffic,0.49,1000,1000000,False,True,False,False,False,False,False,False,False,False,False,False,False,False,False,False,False,False,False,False,False,False,False,False,False,False,False,True,False,False,Unspecified,twitter,Moldova Traffic from Twitter
2699,Website,traffic,0.7,1000,1000000,False,False,False,False,False,False,False,False,False,False,True,False,False,False,False,False,False,False,False,False,False,False,False,False,False,False,False,True,False,True,Switzerland,google,🔎 Switzerland Traffic from Google [Organic] [Custom Keywords]
2698,,traffic,0.56,1000,1000000,False,True,False,False,False,False,False,False,False,False,False,False,False,False,False,False,False,False,False,False,False,False,False,False,False,False,False,True,False,False,Switzerland,Unspecified,Switzerland Traffic - Direct Visits
2700,Website,traffic,0.56,1000,1000000,False,True,False,False,False,False,False,False,False,False,False,False,False,False,False,False,False,False,False,False,False,False,False,False,False,False,False,True,False,False,Switzerland,google,Switzerland Traffic from Google
2701,Website,traffic,0.56,1000,1000000,False,True,False,False,False,False,False,False,False,False,False,False,False,False,False,False,False,False,False,False,False,False,False,False,False,False,False,True,False,False,Switzerland,youtube,Switzerland Traffic from YouTube
2702,Website,traffic,0.56,1000,1000000,False,True,False,False,False,False,False,False,False,False,False,False,False,False,False,False,False,False,False,False,False,False,False,False,False,False,False,True,False,False,Switzerland,facebook,Switzerland Traffic from Facebook
2703,Website,traffic,0.56,1000,1000000,False,True,False,False,False,False,False,False,False,False,False,False,False,False,False,False,False,False,False,False,False,False,False,False,False,False,False,True,False,False,Switzerland,instagram,Switzerland Traffic from Instagram
2704,Website,traffic,0.56,1000,1000000,False,True,False,False,False,False,False,False,False,False,False,False,False,False,False,False,False,False,False,False,False,False,False,False,False,False,False,True,False,False,Switzerland,twitter,Switzerland Traffic from Twitter
2692,Website,traffic,0.63,1000,1000000,False,False,False,False,False,False,False,False,False,False,True,False,False,False,False,False,False,False,False,False,False,False,False,False,False,False,False,True,False,True,Sweden,google,🔎 Sweden Traffic from Google [Organic] [Custom Keywords]
2691,,traffic,0.49,1000,1000000,False,True,False,False,False,False,False,False,False,False,False,False,False,False,False,False,False,False,False,False,False,False,False,False,False,False,False,True,False,False,Sweden,Unspecified,Sweden Traffic - Direct Visits
2693,Website,traffic,0.49,1000,1000000,False,True,False,False,False,False,False,False,False,False,False,False,False,False,False,False,False,False,False,False,False,False,False,False,False,False,False,True,False,False,Sweden,google,Sweden Traffic from Google
2694,Website,traffic,0.49,1000,1000000,False,True,False,False,False,False,False,False,False,False,False,False,False,False,False,False,False,False,False,False,False,False,False,False,False,False,False,True,False,False,Sweden,youtube,Sweden Traffic from YouTube
2695,Website,traffic,0.49,1000,1000000,False,True,False,False,False,False,False,False,False,False,False,False,False,False,False,False,False,False,False,False,False,False,False,False,False,False,False,True,False,False,Sweden,facebook,Sweden Traffic from Facebook
2696,Website,traffic,0.49,1000,1000000,False,True,False,False,False,False,False,False,False,False,False,False,False,False,False,False,False,False,False,False,False,False,False,False,False,False,False,True,False,False,Sweden,instagram,Sweden Traffic from Instagram
2697,Website,traffic,0.49,1000,1000000,False,True,False,False,False,False,False,False,False,False,False,False,False,False,False,False,False,False,False,False,False,False,False,False,False,False,False,True,False,False,Sweden,twitter,Sweden Traffic from Twitter
2346,,,10000.0,100,8000000,False,False,False,False,False,False,False,False,False,False,False,False,False,False,False,False,False,False,False,False,False,False,False,False,False,False,False,False,False,False,Unspecified,Unspecified,PVS #1
2520,,,10000.0,100,9000000,False,False,False,False,False,False,False,False,False,False,False,False,False,False,False,False,False,False,False,False,False,False,False,False,False,False,False,False,False,False,Unspecified,Unspecified,PVS #2
2843,,,10000.0,100,100000,False,False,False,False,False,False,False,False,False,False,False,False,False,False,False,False,False,False,False,False,False,False,False,False,False,False,False,False,False,False,Unspecified,Unspecified,PVS #3
2865,,,0.01,1000,10000000,False,False,False,False,False,False,False,False,False,False,False,False,False,False,False,False,False,False,False,False,False,False,False,False,False,False,False,False,False,False,Unspecified,Unspecified,API Test
