,ID,Service,Rateper1000,Min/Max,AverageTime,Description
0,1700,Youtube Live Stream Views [ MONETIZABLE ] [ REAL ] INSTANT,$6.8508375,5000 / 5000,NOT ENOUGH DATA, Active Live Stream Views - Monetizable • Avg Concurrent 500-1500* will stay for 1-2 hours (*depends on the order amount and video content) • 100% Real Human Active YouTube Viewers! • INSTANT START • Windows Desktop Watch Page & Embeded* Views • 100% Unique Traffic • NON-DROP Lifetime Guarantee • Possible User Engagements • Social Referrer (Twitter) • World-Wide Viewers Added in a NON-STOP Natural Pattern • Max Concurrents is Based on Order Size • Must be Unrestricted & Open for ALL countries • Cancel any Time with Full/Partial Refund • Over-Delivery Guaranteed • Monetizable (Can be Used with Ads Enabled) 
1,1703,Youtube Live Stream Views [24HOURS] [100-300 VIEWS],$5.45376,1000 / 1000,NOT ENOUGH DATA, Avg Concurrent 100-300 will stay for 24 hours • 0-4h start • 100% Real Human YouTube Viewers! • User Interactions Included • includes LIKES • Windows Desktop Watch Page • 100% Unique Traffic • Social Referrers • World-Wide Viewers • Must be Unrestricted & Open for ALL countries • No Cancellation can be done after order started 
2,1704,Youtube Live Stream Views [7DAYS] [100-300 VIEWS],$38.17632,1000 / 1000,NOT ENOUGH DATA, Avg Concurrent 100-300 will stay for 7 days • 0-4h start • 100% Real Human YouTube Viewers! • User Interactions Included • includes LIKES • Windows Desktop Watch Page • 100% Unique Traffic • Social Referrers • World-Wide Viewers • Must be Unrestricted & Open for ALL countries • No Cancellation can be done after order started 
3,1705,Youtube Premiere Waiting Views  [REAL] ⚡️⭐,$0.545376,1000 / 10000,NOT ENOUGH DATA, 1 order = 1 hour of work Example: 3 orders with 1 link = 3 hour of waitings 
4,1773,⭐Youtube Live Stream Views [Monotizable] ,$7.0120583,5000 / 5000,NOT ENOUGH DATA, 400-1000 will stay for 1-2 hours 100% Real Human INSTANT START 
5,1759,IGTV Views [5M] [INSTANT - INSTANT],$0.02964,100 / 1000000,34 minutes, 
6,1760,IGTV Views [100M] [INSTANT - 500K/Day],$0.02964,500 / 1000000,NOT ENOUGH DATA, 
7,1761,IGTV Likes [15K] [1H - 5K/Day] 💧,$0.6175,100 / 10000,02 hours and 16 minutes, 
8,1762,IGTV Comments [100K] [1H - 100K/Day] 💧,$24.7,5 / 1000,133 hours and 16 minutes, 
9,1763,IGTV TOP QUALITY Likes [5K] [INSTANT - INSTANT],$3.27275,50 / 5000,NOT ENOUGH DATA, 
10,1699,🔥 Youtube Ads Views - Cheapest In the Market,$1.1115,50000 / 50000000,NOT ENOUGH DATA, Cheapest In the Market 
11,1698,🔥 Punjabi AdWord Views (Approval),$2.0647575,50000 / 10000000,NOT ENOUGH DATA, ONLY FOR PUNJABI VIDEO. 🕛 Start Time : 24-36 Hour 🔥True Adword Views- Ads takes 24-36 hours for approval. 🔥Like+Views (For Big Orders) 🔥High Retention + High Impression 🔥India Many Country Mix 🔥Max Speed : 10k-200k/Day If the video length shorter than :- Speed 10k-500k Max Video Length - 5min For more min video - price will be higher. - True NonDrop - True Genuine Source- Yt Advertisment - Nondrop - Lifetime Guaranteed - Quality- High + Best - OWN SERVICE [WE ARE PROVIDER OF THIS SERVICE] Note- 🔥Video must be fresh so there will be no dropping for liftime. Because views with older drop can't be Refilled because its pure AdWord 
12,1245,Youtube - ADS Views [ Non Drop ] ] [ Speed - 500k-1m/day ] [ Life Time Guaranteed ] [ Start 1-24hrs ],$2.964,50000 / 100000000,NOT ENOUGH DATA, Start time : 24hrs ( Max 48hrs ) Minimum 10 000 ADS Views 100% Non drop! No restrication for time limit of video Why start time 1-24hrs? Because it take time 24hrs maximum to approved from ADS. 
13,1612,Youtube AdWords Views [In-Stream Ad] [1-5m/day] [Cheapest In Market] 🔥🚀⚡,$1.46016,10000 / 10000000,12 hours and 40 minutes, 
14,1613,Youtube AdWords Views [Discovery/Display Ad] [300k-1m/day] [Cheapest In Market] 🔥🚀⚡,$1.57248,10000 / 1000000000,03 hours and 17 minutes, 🕛 Start Time : 12-36 Hour 🔥True Adword Views- Ads takes 12-36 hours for approval. 🔥Max Speed : 20k/Day 🔥 Max- 100K 👉 High Retention 👉 True NonDrop 👉 True Genuine Source- Yt Advertisment 👉 Nondrop 👉 Refill: Lifetime Guaranteed 👉 Quality- High + Best 👉 OWN SERVICE [WE ARE PROVIDER OF THIS SERVICE] Note: Longer - (no more than 5 min). Longer Video Slower the speed. Shorter video High will be the speed. 
15,1670,⭐Youtube Live Stream Views [Monotizable] ,$2.681432,5000 / 4000,NOT ENOUGH DATA, 400-1000 will stay for 1-2 hours 100% Real Human INSTANT START 
16,1672,Cheapest AdWord Views [40k/Day ] [Non Drop] ,$3.63584,5000 / 500,52 hours and 14 minutes, 🕛 Start Time : 12-36 Hour 🔥True Adword Views- Ads takes 12-36 hours for approval. 🔥Max Speed : 20k/Day 🔥 Max- 100K 👉 High Retention 👉 True NonDrop 👉 True Genuine Source- Yt Advertisment 👉 Nondrop 👉 Refill: Lifetime Guaranteed 👉 Quality- High + Best 👉 OWN SERVICE [WE ARE PROVIDER OF THIS SERVICE] Punjabi Video strictly not Allowed. Longer Video Slower the speed. Shorter video High will be the speed. Longer - (more than 5 min). 
17,1724,➡️ Youtube Adword Views - 𝑶𝒘𝒏 𝑺𝒆𝒓𝒗𝒆𝒓 [ Speed 500K - 1M/D ] 0-24 Hours,$0.94575,30000 / 10000000,01 hours and 04 minutes, 🕛 Start Time : 06-36 Hour 🔥True Adword Views- Ads takes 12-36 hours for approval. 🔥Max Speed : 20k/Day 🔥 Max- 100K 👉 High Retention 👉 True NonDrop 👉 True Genuine Source- Yt Advertisment 👉 Nondrop 👉 Lifetime Guaranteed 👉 Quality- High + Best 👉 OWN SERVICE [WE ARE PROVIDER OF THIS SERVICE] Punjabi Video strictly not Allowed. Longer Video Slower the speed. Shorter video High will be the speed. Longer - (no more than 5 min). 
18,1731,YouTube AdWords Views [100% Non Drop] [6 hrs Start] [100-500K/Day] [Min - 50K]🔥⚡🔥,$0.95472,50000 / 10000000,NOT ENOUGH DATA, N/A 
19,1732,YouTube AdWords Views [100% Non Drop] [500K/Day] [Min - 20K]🔥⚡🔥,$1.01088,20000 / 10000000,01 hours and 50 minutes, ~Original Ads views and no drop at all. Fully trustable service ~Max Video Size: 5 Mins ~For Fast Speed quantity should be more than 100k. 
20,1733,YouTube AdWords Views [100% Non Drop] [500K/Day] 🔥⚡🔥,$1.01088,30000 / 10000000,43 minutes, ~Original Ads views and no drop at all. Fully trustable service ~Max Video Size: 5 Mins 
21,1833,𝐘𝐨𝐮𝐓𝐮𝐛𝐞 𝐖𝐚𝐭𝐜𝐡𝐭𝐢𝐦𝐞 [𝐅𝐨𝐫 𝟑𝟎 𝐦𝐢𝐧 - 𝟏𝐇𝐑 𝐕𝐢𝐝𝐞𝐨𝐬] [𝐌𝐨𝐧𝐞𝐭𝐢𝐳𝐚𝐭𝐢𝐨𝐧 𝐒𝐚𝐟𝐞],$8.424,1000 / 4000,NOT ENOUGH DATA, 🕛 Start Time : 12-24 🔥Speed : 300-400 Hrs/day speed 👉 Min vedio : 30 minutes 👉 High Retention 👉 100% HR Views 👉 100% Real Views That will never drop 👉 OWN SERVICE [WE ARE PROVIDER OF THIS SERVICE] 
22,1832,𝐘𝐨𝐮𝐓𝐮𝐛𝐞 𝐖𝐚𝐭𝐜𝐡𝐭𝐢𝐦𝐞 [𝐂𝐡𝐞𝐚𝐩𝐞𝐬𝐭 𝐈𝐧 𝐌𝐚𝐫𝐤𝐞𝐭] [ 𝟏𝟎𝟎% 𝐌𝐨𝐧𝐞𝐭𝐢𝐳𝐚𝐭𝐢𝐨𝐧 𝐒𝐚𝐟𝐞],$7.605,1000 / 4000,NOT ENOUGH DATA, 🕛 Start Time : 2-8hours 🔥Speed : 1000-2000 Hrs/day speed 👉 High Retention 👉 100% HR Views 👉 100% Real Views That will never drop 👉 60+ min Video required 👉 OWN SERVICE [WE ARE PROVIDER OF THIS SERVICE] 
23,1829, YouTube Expert 𝐌𝐨𝐧𝐞𝐭𝐢𝐳𝐚𝐭𝐢𝐨𝐧 𝐖𝐚𝐭𝐜𝐡 𝐓𝐢𝐦𝐞 (Non Drop  Instant) [Min-100h  Max-4000h],$10.6704,100 / 4000,176 hours and 16 minutes, * Organic Watch time [You will get 100-4000 Hours Watch Time in 1-6 Days] 1. Video Length Must Be 60 Mins+ 2. Quantity Must Be multiple of 100 3. Video Embeds Must Be Allowed/Enabled. 4. Streaming Video Is Not Allowed. 
24,1828,Youtube Watchtime [Real+Non drop] Safe & monetization,$9.3119,1000 / 10000000,43 hours and 30 minutes, ~Best and AutoRefills in 24 hour ~Speed utpo 4000hr/day ~Guarantee - Non drop ~100% Real human YouTube views ~Note:- Minimum 100Min+ Video Required. ~Average Watchtime Will Be updated In 6Hour Of Completion And Exact Total Watchtime will Be updated in 2-3Days in Analytics 
25,1792,♛ YouTube Watchtime [1000 Hours] [Monetization Safe] [100% Real] [ Non Drop ],$14.57625,500 / 4000,88 hours and 31 minutes, ⌛ Estimated Start Time: 0-6 Hours! ⚡Delivery speed: 1000 Hours Per Day! ♛ Min: 200 Max: 4000! ♻ Refill: [ NON DROP ] ✔️100% High Retention Views 💡 Rules: 1. Minimum Video Length 2 Hours [ Not Less Than 2 hours ] 2. Maximum Video Length 3 Hours [ Not More Than 3 hours ] 3. Don't Buy Other Views After Placing Order ! 
26,1793,♛ YouTube Watchtime [1000 Hours] [1 Hour Video Length] [ Non Drop ],$14.57625,500 / 4000,196 hours and 32 minutes, ⌛ Estimated Start Time: 6 Hours! ⚡Delivery speed: 1000 Hours Per Day! ⚠️ Refill: Non Drop ! 📢 Minimum Video length 1 Hour 
27,1816,❤️ YouTube Views ~ Speed 50k ~ 𝐋𝐢𝐟𝐞𝐓𝐢𝐦𝐞 ~ [INSTANT] - Best Service in Market,$0.60515,1000 / 9000000,42 hours and 07 minutes, - Instant - 3h start - Speed 50k - 150k for now - Non-drop so far - Guarantee: Lifetime Refill - Retention: Random ( Upto 2 mins ) NOTE: After order completed but you don't see enough views Please click Likes open video and wait 20 secs then refresh Views will update 
28,1444,Youtube ADS Views [∞] [R∞] ⭐🔥,$2.04516,50000 / 10000000,NOT ENOUGH DATA, Start Time: 24 - 72 hours Speed: 10K/ day - 100K/ day Refill: No Drop Specs: Real - High Monetization - High Impression - Get Likes Also Important: VIDEO MUST BE UNDER 5 MINUTES 
29,1445,Youtube Views [10M] [FAST] [R∞] ⚡️💧♻⭐,$0.79534,1000 / 10000000,07 hours and 36 minutes, Start Time: Instant - 6 hours Speed: 10K - 30K/ day Refill: Lifetime Refill Specs: Real - VIDEO MUST BE LESS THAN 5 MINUTES 
30,1446,Youtube Views [∞] [FAST] [R∞] ⭐♻⛔🔥,$1.54128,1000 / 2000000,01 hours and 48 minutes, Start Time: Instant to 12 Hours Speed: Up to 100K/ day Refill: Lifetime Guaranteed With Auto Refill Every 2 Hours ! Specs: 60 seconds+ retention Source: Mix of Web and Mobile traffic 
31,1447,Youtube Views [10M] [FAST] [REAL] ⚡️⭐,$2.181504,1000 / 100000000,27 hours and 31 minutes, INSTANT START Non Drop Good For Ranking 200k-300k/day speed. Life Time Guaranteed Retention 30 sec-1 Minutes 
32,1494,Youtube Views [2M] [R∞] [1H - 50K/Day] ♻⛔,$1.64749,1000 / 20000,13 hours and 58 minutes, - Instant Start - Up to 50K per Day Speed - Up to 5' Retention - Cancel & Refill Button 
33,1496,Youtube Views [10M] [R∞] [6H - 500K/Day] 🔥,$1.636128,500 / 10000000,09 hours and 48 minutes, Start Time: 4 - 6 hours Speed: 50K-100K/ day Refill: Lifetime Guaranteed Specs: 30 to 180 seconds retention 
34,1501,Youtube Views [10M] [R∞] [6H - 500K/Day],$1.636128,1000 / 100000000,10 hours and 15 minutes, - Start: 0 -6hr - Speed: 50k-100k/day. (1M+ per day on Big Orders) - Refill: LIFETIME GURANTEED - 1-2 Min Retention - If you see order mark as completed But views not appear Just click on the LIKE button Views will be appear within 30 SECONDS. 
35,1525,⚡🔥Youtube Views - Non Drop -[10k-15k] Lifetime Guarantee⚡⚡⚡🔥 ( Instant Start) (Helps in Ranking Video) [Recommended],$1.24982,1000 / 100000,02 hours and 48 minutes, Retention 30 second to 5 minutes Instant Start Speed 100k-300k Instant Start Very Fast Views Lifetime Guarantee 
36,1602,🔥❤️Youtube Views High Speed [1m-2m][High Retenion/Watch time],$1.36344,1000 / 9000,09 hours and 32 minutes, High Retenion Views Watch Time Also Increase No Drop Lifetime Refill Guaranteed 
37,1753,👊👊 AutoRefil Views  [R100] [RAV + Engagement] [INSTANT],$1.517568,500 / 20000,06 hours and 21 minutes, - Auto Refill Every day 🔥 - Embed must be ON 🧲 - 24 hour Completion • RAV™ - Real Active Views + user engagements Mobile Watch Page . 6% drop Auto Refill • Up to 20k Views Per Day • RAV™ - Real Active Views* • 100% Real Human Active YouTube Watch time Views • Upto 4Min Retention • INSTANT START Sometimes (1-2hr ) • IF Delay Start 14-20 HOUR rarely. • Stable Views with 100 Days Refill Guarantee** • Mobile Watch Page Views • 100% Unique Real Active Users Traffic • Traffic Sources: Direct Advertisement +External • World-Wide Views Added in a NON-STOP Natural Pattern • Must be Unrestricted & Open for ALL countries 
38,1754,❤️ Youtube Views ( Zero Drop ) Min 10K - High Quality,$1.173744,1000 / 1000000,13 hours and 30 minutes, - Time- 7hour - 100k-300k/day speed. - 30 Days Refill - Embed Video - Retention- Upto 6Min - 🔥 Zero Drop - Zero Drop Only Possible when Its a Fresh Video there Should not be any older drop.Then you can enjoy the quality. 
39,1755,❤️ Views NonDrop [Upto 20Min Retention] [R30],$2.964,1000 / 1000000,05 hours and 59 minutes, ❤️ HR VIEWS ❤️ 👉 Cheapest In Market 🕑 Start Time : 12-24 hrs 🚀 Speed : 1-2k Views/day 👉 Average Retention : 8-20 Minutes ℹ️ Note : Add Videos greater than 1hr 30min for good retention. You will not get good retention in videos less than 1 hour. These are highest quality views available in market. Apply for monetization as soon as your watchtime is completed because youtube comes with updates every 2 months. 
40,1756,❤️ Views NonDrop [Upto 7Min Retention],$2.3712,1000 / 1000000,22 hours and 37 minutes, Youtube Highest Retention For now Retantion - 30sec to 7Min Start Time: 12-24 hours Speed: 300K-500K/ day Refill: Lifetime Guaranteed Specs: SUPER Fast - NEVER DROPS 
41,1757,❤️ FASTEST Views ( 100k-150k/day ) Nondrop,$1.173744,10000 / 10000000,05 hours and 42 minutes, Start time-: 3-6 hours SPEED - 100k-150k/Day Nondrop Liftime GUARANTEE Source- Not specified Minimum- 10k Remember- Its a pure Nondrop Views it will never drop for FRESH VIDEO or Less start count We Guarantee. BUT video with higher start count can have Older drop. Please keep a note. 
42,1758,❤️ Embed Autorefill Views [ Nondrop] ,$1.399008,100000 / 20000,06 hours and 13 minutes, 🧲 Note- Embed Must be On 🕐 Start time - Instant but will show after 15-20hour. 📈 Any Quantity Will Completed in 24 hour. 🌡️Speed- 20k/Day 🔥 AutoRefill in 24 hour 🔥 Auto Refill Guarented -: Nondrop -: Retention - upto 4 min -: Best Recommended 1) Auto Refill in Every 24 hour 2) Any Quantity (Eg: 1k 10k 15k 20k ) Will Complete in 24 hour. 
43,1830,YouTube Real Subscribers Instant (Max-20K) [10K/D Over Delivery] [R30],$10.6704,100 / 15000,11 hours and 06 minutes, * 30 Days Refill * 0-6 Hour to Start * Speed 500+/Day * Drop Ratio: 10% 
44,1398,Youtube USA Subscribers [50K] [R30] ⚡💧⭐,$12.0590145,5 / 1500,733 hours and 56 minutes, - Real USA Users - 30 Days Refill Guaranteed - Up to 6 Hours Start (Usually Instant) - Up to 50 Subscribers Per Day (Natural Pattern) - Min = 5 - Max = 1.5k Per Order - 50K Per Channel 
45,1399,Youtube Subscriber ( Min 5 / Max 1500 ) Total 80K - 30 days Refill Guarantee,$17.9049182,5 / 1500,773 hours and 01 minutes, -Min: 5 - Max: 1.500 (You can add new order after your order complete. Actual maximum is 80.000) -Orders can’t cancel after start. - Please make sure the channel's subscribers count is public. -Daily speed 30-50 /day . Your channel will receive minimum 50 subscribers each day. Non stop and natural pattern. -30 days refill guarantee 
46,1821,YouTube Dislikes ~ Max 130k ~ Speed 50-500/days ~ 𝗥𝗘𝗙𝗜𝗟𝗟 𝟯𝟬𝐃 ~ INSTANT,$12.35,10 / 130000,660 hours and 11 minutes, URL Correct format : https://www.youtube.com/watch?v=videoid Incorrect format : https://youtu.be/PZ5lh7EjCgI Quality: High Quality Limit: Min 100 & Max 130k Speed: 500-1k per days Start time: Instant to 3hrs ( Some time delay if server overload or we update system) Guarantee: 30days Guarantee Refund: No refund YouTube Not updating Likes and dislikes counter instant You can check here : http://likescounter.com/ Can be partial order again if partial 
47,1222,Youtube - Share [ Instant ] 1M,$4.47564,50 / 1000000,16 hours and 15 minutes, ✅0-1hrs Start time ✅Real ✅Life Time Guaranteed ✅Minimum 50 ✅Shares will be shows in analytics after 24-48hrs according to order time! 
48,1223,Youtube - Superfast Share [ 20k-30k/day ],$19.39444,100 / 150000,NOT ENOUGH DATA, INSTANT SUPER-FAST Real Life Time Guaranteed Minimum 100 More Faster way to grow your video faster! 
49,1535,Youtube Likes 200K Base{ No refill},$1.36344,20 / 2000000,131 hours and 30 minutes, Speed 15k-20k A day NO GUARANTEE EVEN IF DROP NEXT DAY 
50,1537,Youtube Comments Likes ( Min: 10 ) ( upvote ),$6.02186,10 / 20000,06 hours and 17 minutes, 
51,1538,Youtube Likes [5K] [R30] ⚡♻,$2.04516,50 / 5000,03 hours and 36 minutes, - Auto-Refill 30 days Guarantee - Start 0-24 hours - Speed 50-200 / day 
52,1539,Youtube Comments Dislikes ( Min: 10 ) ( Downvote ),$6.02186,10 / 20000,37 hours and 38 minutes, 
53,1540,Youtube Likes ( Super Fast ) 30 Days Refill ( Min 10 : Max 10k ),$7.9534,100 / 10000,894 hours and 10 minutes, NO GUARANTEE EVEN IF DROP NEXT DAY 
54,1541,Youtube USA Likes { 30 Days Refill },$11.9301,5 / 1500,693 hours and 05 minutes, Instant Start -Likes from USA accounts. -Min: 5 - Max: 1.500 (You can add new order after your order complete. Actual maximum is 80.000) -Orders can’t cancel after start. - Please make sure video's like count is public. -Daily speed 50-200 /day . Your video will receive minimum 50 likes each day. Non stop and natural pattern. -30 days refill guarantee 
55,1542,Youtube Likes ( Instant Fast ) Min 50 | Max 50k ( No Refill ),$1.98835,50 / 50000,192 hours and 18 minutes, Real Likes NO REFILL NO Refund 5k to 10k Per day Minimum 50 
56,1543,Youtube - Likes [100% REAL] [1k-2k/DAY] [LESS DROP] [ INSTANT],$19.8835,50 / 100000,10 hours and 16 minutes, 100% Real Human Guarantee: 30 days Refill Instant start Speed: 500-2k/day 
57,1544,Youtube Comments [RANDOM] [500] [USA] [R∞] ⚡⭐,$38.17632,10 / 500,173 hours and 46 minutes, Start Time: Instant - 1 hour Refill: Lifetime Guarantee Specs: Put Link Of Video - HQ - USA Accounts WITHOUT Profile Pictures 
58,1545,Youtube Comments [RANDOM] [100] [USA - FEMALE] [R∞] ⚡⭐,$34.086,10 / 100,45 hours and 38 minutes, Start Time: Instant - 1 hours Speed: Refill: Lifetime Guarantee Specs: Put Link Of Video - High Quality - USA - FEMALE 
59,1824,TikTok Comments [Random],$6.8172,20 / 1000,90 hours and 24 minutes, ✅ High Quality Comments ✅ Stable 
60,1820,✅ TikTok Followers ~ 𝗥𝗘𝗙𝗜𝗟𝗟 ~ Speed 1k-5k ~ INSTANT,$2.8405,100 / 10000,14 hours and 27 minutes, Guarantee SPEED: 1k-5k/DAY Start: INSTANT to 3 Hrs 
61,1819,TikTok Random Comment  ~ Speed 1k/days ~ INSTANT,$8.645,20 / 10000,109 hours and 01 minutes, 
62,1813,✅ HQ TikTok Likes ~ Best In Market [10K],$1.14608,100 / 10000,02 hours and 10 minutes, ✅ High Quality Likes ✅Instant - 1 hours stat usually ✅ Non Drop [20 Days Free Refill if Drop]. ✅ Stable Likes 
63,1812,✅ HQ TikTok Followers ~ Best In Market [20K],$3.5671623,100 / 10000,44 hours and 06 minutes, ✅ High Quality Followers ✅Instant - 1 hours stat usually ✅ Non Drop [20 Days Free Refill if Drop]. ✅ Stable Followers 
64,1451,TIK TOK FOLLOWERS - MIN 100 - MAX 500K  - New,$5.1129,50 / 10000,08 hours and 38 minutes, - Speed 5000 per day - Avatars Followers and Likes - 30 days warranty - minimum 10 - maximum 10000 - instant start to 5 minute start Time ( Put Full Url For Example https://www.tiktok.com/@username ) 
65,1402,TIK TOK - Video Likes - 30 days guarantee,$4.03351,500 / 10000,04 hours, Bot Followers Min 100 and Max 10k Example For Sending Link: https://www.tiktok.com/@tiktok Quality: https://prnt.sc/rxrmpl Start Time: 0-3 Hours ( Mostly Start within 1 hour ) NO REFILL 
66,1452,Tik Tok Likes - Video link only- MAX 50k,$5.1129,50 / 10000,03 hours and 14 minutes, - Speed 5000 per day - Avatars Followers and Likes - 30 days warranty - minimum 10 - maximum 10000 - instant start to 5 minute start Time 
67,1453,TIK TOK FOLLOWERS - MIN 50 - MAX 200K - 30 days refill - Only link,$7.04444,50 / 15000,280 hours and 49 minutes, Add link of profile 
68,1454,Tik Tok - Followers - Add Profile Link - Lifetime Guarantee,$3.23817,50 / 20000,15 hours and 30 minutes, - Add Profile URL - CHEAPEST IN THE MARKET - NON DROP - LIFETIME REFILL GUARANTEE - START TIME 1-2 MINUTES - SPEED 30.000/DAY - MINIMUM 100 - MAXIMUM 120 000 
69,1455,Tik Tok - Likes ~ Add VIDEO Link - Lifetime Guarantee,$7.04444,50 / 15000,08 hours and 45 minutes, - Add Video URL only - CHEAPEST IN THE MARKET - NON DROP - LIFETIME REFILL GUARANTEE - START TIME 1-2 MINUTES - SPEED 30.000/DAY - MINIMUM 100 - MAXIMUM 150 000 
70,1456,Tik Tok Views - Speed 100k/Day,$0.0045448,1000 / 1000000,01 minutes, 
71,1459,Tik Tok - Shares [ Super Fast ] [ 3m / Day ],$2.8405,100 / 10000,213 hours and 16 minutes, 
72,1664,TikTok - Followers S1 ( Instant - 3 Hours start  Non drop ),$3.17538,500 / 1000,29 hours and 01 minutes, Good package 
73,1665,TikTok - Likes S1 ( Instant-3 hours start   Indian   1k/Day ),$1.001052,100 / 1000,03 hours and 36 minutes, 
74,1707,Tiktok Views[500K/day] [ NO refill ],$0.0130416,5000 / 1000000000,03 minutes, 
75,1708,Tiktok Views[100K/hour] [ 0.008$/K ],$0.0094848,1000 / 1000000,07 minutes, Quantity must be multiple of 100 
76,1709,Tiktok Likes - Max 10k - 1k-5k/day - Real Looking,$1.2045371,100 / 10000,09 hours and 38 minutes, No Refill Max 10k 1k-5k/day Speed can be slow because it is cheap service 
77,1725,Tik Tok Video Views [ Trending + Viral Views] [ Speed 30-50k/hour],$0.1267929,500 / 500000,05 minutes, This views have different algorithm and help in making the video viral and trending Benefits of views: You may gain organic likes followers and video can go viral if the content is good Lifetime Guarantee 
78,1726,Tiktok Followers [ Max 10k ] [ 1k-5k/day ],$0.90896,100 / 3000,01 hours and 20 minutes, NO REFILL 1K-5K/DAY REAL LOOKING 
79,1736,𝓝𝙚𝔀 ~ TikTok - Likes ~ INSTANT,$0.3842215,100 / 10000,03 hours and 27 minutes, 
80,1737,TikTok - Likes ~ Max 10k ~ 𝐍𝐎 𝗥𝗘𝗙𝗜𝗟𝗟 ~ Speed 1k ~ Start 0/24Hrs,$1.09512,100 / 10000,02 hours and 50 minutes, ~ 𝒀𝑶𝑈 𝑵𝐄𝐄𝗗 𝗧𝐎 𝑨𝗗𝗗 𝗩𝐈𝗗𝐄𝐎 𝐹𝑼𝐋𝐋 𝗟𝐈𝐍𝐊 To get followers ~ Profile Link not Allowed Quality: Real Looking Quantity: Min 100 max 10k Guaranteed: Not Guaranteed Speed: Speed 3k/Hrs 
81,1738,616 ~ TikTok - Share ~ REAL ~ Max 10k ~ INSTANT,$30.42,50 / 10000,92 hours and 09 minutes, Quality: Real Share Start: within 1 min to 1 hrs Min: 50 Max: 25k Guarantee: 30 days refill 
82,1781,TikTok - Followers ~ Max 50k ~ 𝗥𝗘𝗙𝗜𝗟𝗟 ~ Speed 50k ,$3.18136,50 / 20000,94 hours and 42 minutes, 
83,1782, TikTok - Likes ~ Max 30k ~ 𝗥𝗘𝗙𝗜𝗟𝗟 ~ Speed 10k ,$6.13548,20 / 30000,09 hours and 59 minutes, - CHEAPEST IN THE MARKET - NON DROP - LIFETIME REFILL GUARANTEE - START TIME 0-30 MINUTES - SPEED 5000/DAY - MINIMUM 100 - MAXIMUM 30000 
84,1784,TikTok Followers [30K] [R30] [1H - 5K/Day],$5.930964,20 / 30000,10 hours and 45 minutes, 
85,1788,✅ Tiktok Views [INSTANT],$0.00988,500 / 1000000,49 minutes, Quality: High quality Limit: Min 100 & max 25M Start time: Instant - 3 hours Spec- Some Indian Account views 
86,1789,✅ Indian Followers [Nondrop] [R90],$6.175,500 / 5000,68 hours and 39 minutes, Quality: 🔥INDIAN + High quality Limit: Min 200 & max 5k Speed: Fast 1K- 2k per day Start time: Instant - 3 hours Drop rate: 🔥 Zero + Nondrop Guarantee: 90Days Note: Recommended Server Note: We Can Start You Order on Demand For Important Orders create ticket. We are the suppliers🔥 
87,1790,✅ Indian Likes [Nondrop] [R90],$4.3225,200 / 5000,02 hours and 27 minutes, Quality: 🔥INDIAN + High quality Limit: Min 200 & max 5k Speed: Fast 1K- 2k per day Start time: Instant - 3 hours Drop rate: 🔥 Zero + Nondrop Guarantee: 90Days Note: Recommended Server Note: We Can Start You Order on Demand For Important Orders create ticket. We are the suppliers🔥 
88,1187,Instagram Tv Views (S),$0.149188,500 / 500000,48 minutes, IGTV Random Comments ! Full TV Video Link Needed ! INSTANT Start ! Min = 100! Example URL- https://www.instagram.com/tv/BkSp-6VF5fg/ 
89,1189,Instagram - RANDOM Comments [INDIAN] INSTANT-1HRS,$37.2970013,100 / 100,NOT ENOUGH DATA, Working Fast All are Indian Users 
90,1814,✅ Instagram Likes Real Engaging - Stable and HQ [1m],$1.976,10 / 100000,02 hours and 15 minutes, ~Quality: Super Engaging Start: 0-30 min ~Start 1-2hrs ~Speed 2000-3000 days ~Have Avatars and Post ~Real Likes 
91,1806,𝕭𝖊𝖘𝖙 Instagram 🆁🅴🅰🅻 Likes,$1.56975,100 / 10000,12 hours and 54 minutes, ✇ Start Time: Instant ♛ Speed per Day: Upto 𝟐𝐤 ★ 𝓝𝓸𝓷 𝓓𝓻𝓸𝓹 © ▼ Minimum Order: 50 ▲ Maximum Order: 10000 
92,1460,Instagram Likes [20K] [INSTANT - INSTANT] 💧,$2.21559,100 / 5000,309 hours and 35 minutes, Start Time: 0-5 Minutes Speed: 15K/ day Refill: No refill Specs: Best in speed 
93,1533,Instagram Likes - Max 50 - Speed 1k-2k/Day [0-12 hours start],$0.2215603,50 / 10000,04 hours and 10 minutes, No refill 
94,1636,Instagram Likes [10K]  TS EXCLUSIVE S2 - SUPER FAST] [WITH PP] ⚡⚡⚡⚡💧,$0.590824,20 / 10000,02 hours and 01 minutes, FASTEST CHEAPEST LIKES WITH PROFILE PICTURES IN THE MARKET 
95,1637,Instagram Likes [10K] [TS EXCLUSIVE S3 - SUPER SUPER FAST] [WITH PP] ⚡⚡⚡⚡💧,$1.07939,20 / 10000,08 hours and 09 minutes, 
96,1668,Instagram - Like S17  ( Instant  Fast  HQ 100% PP  Superfast  Max 10K ),$0.742716,50 / 10000,22 hours and 49 minutes, Quality: High quality 100% PP Limit: Min 10 & max 10000 Speed: 10k per day Start time: 1 min to 1 hour Drop rate: 10% Guarantee: No refill No refund 
97,1811,👉Instagram Likes REAL ACTIVE  130K,$2.3712,10 / 130000,08 hours and 28 minutes, ✅ Real accounts ✅ No drop ✅ Start 1-5 min 
98,1036,Instagram Live Video Likes [ARAB] [4K] ⚡,$0.741,200 / 1000,NOT ENOUGH DATA, Username Only ARAB / GULF HQ Accounts ! Likes On Live Video Fast Delivery Minimum 100 
99,1037,Instagram Live Video Likes [10K] ⚡⚡⚡⭐,$0.2964,200 / 10000,NOT ENOUGH DATA, Username Only No Refill / No Refund Likes On Live Video Fast Delivery Minimum 200 
100,1038,Instagram Live Video Likes [1M] ⚡⚡⚡⭐,$1.1115,50 / 1000000,23 hours and 04 minutes, Username Only No Refill / No Refund Likes On Live Video Fast Delivery Minimum 50 
101,1040,Instagram Live Video Views [3K] [ALWAYS WORKING] ⚡⚡⚡⭐,$10.6704,20 / 500,03 hours and 49 minutes, IG Live Video Views HQ Accounts ALWAYS WORKING SERVICE Min = 20 Max = 3K 
102,1041,Instagram Live Video Views [5K] ⚡⚡⚡,$14.82,100 / 5000,14 hours and 40 minutes, Username Only No Refill / No Refund Views On Live Video Fast Delivery Minimum 100 IF you ask for Refund You need to send a screenshot as a proof with the # of views and Time in the screenshot ! 
103,1042,Instagram Live Video Comments [2K] [RANDOM] ⚡️⚡️⚡️,$8.151,50 / 2000,NOT ENOUGH DATA, Username Only No Refill / No Refund Random Comments On Live Video Fast Delivery Minimum 50 
104,1043,Instagram Live Video Comments [4k] [ARAB - CUSTOM] ⚡️⚡️⚡️⭐,$17.784,10 / 1000,NOT ENOUGH DATA, Username Only No Refill / No Refund Custom Comments On Live Video Fast Delivery Minimum 5 
105,1044,Instagram Live Video Comments [2K] [RANDOM] [MALE] ⚡️⚡️⚡️⭐,$13.338,50 / 2000,NOT ENOUGH DATA, Username Only MALE Commenters No Refill / No Refund Random Comments On Live Video Fast Delivery Minimum 50 
106,1045,Instagram Live Video Comments [2K] [RANDOM] [FEMALE] ⚡️⚡️⚡️⭐,$7.41,50 / 2000,359 hours and 36 minutes, Username Only FEMALE Commenters No Refill / No Refund Random Comments On Live Video Fast Delivery Minimum 50 
107,1727,Instagram Views Cheapest ( Working - 5 Million / Hour ) ( Recommended - BEST )⚡⚡⚡,$0.0272688,100 / 50000000,42 minutes, 
108,1728,Instagram Views ( Super Fast ) Min 100  Max 10 Million [ 1Million/ Hour] [ Recommended ]⚡🔥,$0.02964,100 / 1000000,32 minutes, 
109,1729,Instagram Views ( Fast ) Min 200 | Max 500k,$0.0308256,100 / 10000000,37 minutes, 
110,1730,Instagram Views + Impressions [RANDOM] - [PROFILE VISITS],$0.041496,100 / 5000000,12 minutes, 
111,1404,Instagram POWER Likes [5K] [REAL] 💪⚡💧⭐,$2.04516,50 / 500,12 hours and 34 minutes, - GOOD IG POWER Likes - Instant Start ! - All Accounts are HIGH Quality ! - Will Increase Your Chance to Reach Explore Page ! - Min order : 20 - Max order : 5K 
112,1574,Instagram POWER Likes [5K] [INSTANT - INSTANT] 💧,$2.590536,100 / 10000,04 hours and 49 minutes, - GOOD IG POWER Likes - Up to 6 Hours Start ! - Will Increase Your Chance to Reach Explore Page ! 
113,1605,Instagram Likes ~ Power Likes ~ Max 3k,$2.8405,100 / 10000,05 hours and 29 minutes, - Likes From REAL HIGh quality Profile - Min 20 & Max 5000 - Speed 5k per days - Start time 10min to 1hrs Note: VERY GREAT PROFILES | REAL USERS | ACTIVE USERS. A LOT OF POSTS AND FOLLOWERS! 
114,1606,𝓑𝗲𝐒𝐭 ~ Instagram Likes ~ Super Power Likes ~ Max 5k,$2.698475,100 / 5000,01 hours and 51 minutes, - Likes High-Quality profile Real - Min 100 & Max 5000 - Speed 500 per hrs - Start time 10min to 1hrs Note: Only likes from great profiles that have a lot of followers and posts. Most of the profile have 1k-50k followers 
115,1669,🔥🔥🔥 [EXCLUSIVE] Instagram POWER Likes [TOP IN MARKET] [50K] 🔥🔥🔥,$2.38602,20 / 50000,14 hours and 02 minutes, The Start Time: 0-1 Hour (In 99% of cases start within 5 minutes) The daily delivery speed: 2K Likes ~ Usual speed is 400-800 Likes/Hour Quality: Only %100 Real and Active Accounts. BEST FOR EXPLORE PAGE Quality Example ~ The Approximative Data: -https://www.instagram.com/businessman.us3/ -https://www.instagram.com/amireb__/ -https://www.instagram.com/arash.lovelorn/ -https://www.instagram.com/mahjor311/ 
116,1296,Instagram Story Views [20K] [LAST STORY ONLY]  ⚡⭐,$0.11856,20 / 20000,01 hours and 44 minutes, Views On The Last Story Posted ONLY ! Username Only 0-1 Hour Start! Ultra Fast! Minimum 20 
117,1297,Instagram Story Views [15K] ⚡⚡⚡💧⭐,$0.0426816,100 / 15000,24 minutes, ALL STORIES ! USERNAME ONLY ! INSTANT START ! FAST DELIVERY ! Min = 100 Max = 15k 
118,1298,Instagram Story Views [30K] ⚡⚡⚡⭐,$0.260832,100 / 20000,49 minutes, Username Only 0-1 Hour Start! Ultra Fast! Minimum 100 
119,1299,Instagram Story Views [MALE] [30K] ⚡⚡⚡⭐,$0.2964,20 / 30000,02 hours and 16 minutes, Username Only Views from MALE users 0-1 Hour Start! 50K/Day Minimum 20 
120,1300,Instagram Story Views [FEMALE] [30K] ⚡⚡⚡⭐,$0.2964,20 / 30000,01 hours and 06 minutes, Username Only Views from FEMALE users 0-1 Hour Start! 50K/Day Minimum 20 
121,1301,Instagram Impressions [250K] [ALWAYS WORKING] ⚡💧,$0.7398144,250 / 5000,24 minutes, Instant ! FULL PHOTO LINK ACCEPTED ! Min = 100 Max = 250K 
122,1302,Instagram Impressions [10M] [EXPLORE - HOME - LOCATION - PROFILE] ⚡️⚡️⚡️💧⭐,$0.082992,100 / 20000000,23 minutes, Impressions showing from ALL in the statistics (Explore Home Location Etc..)! Instant Start! Fast Delivery! Minimum 100 Maximum 10M 
123,1303,Instagram Impressions + Profile Visits [100K] [EXCLUSIVE] ⚡💧,$0.7398144,250 / 5000,49 minutes, TS Exclusive Service ! Instant ! FULL PHOTO LINK ACCEPTED ! Get Impressions on your Picture + 20% Profile Visits for your Profile to Improve Your Rank ! Min = 100 Max = 100K 
124,1304,Instagram USA Impressions [100K] ⚡💧,$0.320112,20 / 99999,54 minutes, Instagram USA Impressions [100K] ⚡💧 
125,1305,Instagram Impressions [100K] ⚡💧⭐,$0.047424,5 / 100000,27 minutes, Super Service No Refill / No Refund 0-1 Hour Start! 100K/Day Minimum 5 Maximum 100K 
126,1306,Instagram Reach + Impressions [100K] ⚡️💧🔥,$0.924768,100 / 100000,58 minutes, - Insert PHOTO / VIDEO Link - Instant Start - HQ Reach + Impressions - Min = 100 
127,1307,Instagram Saves [5K] ⚡️💧,$0.142272,1 / 5000,26 hours and 25 minutes, Instant ! Min = 1 Max = 5k ! 
128,1308,Instagram Saves [15K] ⚡️💧,$0.23712,20 / 15000,01 hours and 02 minutes, No Refill / No Refund 0-1 Hour Start! 15K/Day Minimum 10 
129,1309,Instagram Saves [65K] ⚡️💧,$0.23712,20 / 35000,NOT ENOUGH DATA, No Refill / No Refund 0-1 Hour Start! 20K/Day Minimum 20 
130,1310,Instagram Story Poll Votes [30K] ⚡️⚡️⚡️💧⭐,$5.928,20 / 30000,996 hours and 18 minutes, IG Poll Votes Link Example for Option 1: USERNAME?vote=1 Link Example for Option 2: USERNAME?vote=2 0-1 Hour Start! Minimum 20 
131,1311,Instagram Story Poll Votes [10K] ⚡️💧⭐,$17.784,20 / 10000,NOT ENOUGH DATA, IG Poll Votes Link Example for Option 1: USERNAME?vote=1 Link Example for Option 2: USERNAME?vote=2 0-1 Hour Start! Minimum 20 
132,1312,Instagram AUTO Story Views [30 DAYS] [10K] ⚡⚡⚡⭐,$23.712,500 / 10000,NOT ENOUGH DATA, Username Only Get Story Views to your account every time you add to your story for 30 days! 0-1 Hour Start! Ultra Fast! Minimum 500 
133,1313,Instagram Highlights Views [20K] [EXCLUSIVE] ⚡️⚡️⚡️💧⭐,$1.1856,20 / 20000,77 hours and 02 minutes, EXCLUSIVE SERVICE ! Available @ TS ONLY !! Get Instagram Highlights Views on ALL your HIGHLIGHTS ! Add Username Only ! Min = 20 ! Max = 20k ! 
134,1314,Instagram Photo Reach [30K] [EXCLUSIVE] ⚡️💧,$0.71136,100 / 30000,03 hours and 15 minutes, - FULL PICTURE / VIDEO LINK ! - Quality = HIGH ! - Start Time = Instant ! - Speed = Up to 30K Per Day ! - Refill = No Refill / Refund ! - Min = 100 ! - Max = 30K ! - Specs = Allow 10 Mins after order completion for insights to reload ! 
135,1315,Instagram Video Reach [30K] [EXCLUSIVE] ⚡️💧,$0.53352,100 / 30000,24 minutes, - FULL PICTURE / VIDEO LINK ! - Quality = HIGH ! - Start Time = Instant ! - Speed = Up to 30K Per Day ! - Refill = No Refill / Refund ! - Min = 100 ! - Max = 30K ! - Specs = Allow 10 Mins after order completion for insights to reload ! 
136,1316,Instagram Profile Visits / Views [100K] ⚡️💧🔥,$0.995904,1000 / 100000,01 hours and 31 minutes, - Insert PROFILE Link - Instant Start - Profile Visits HQ - Min = 1000 
137,193,Instagram Followers [50K] [PERSIAN] [R30] ⚡💧⭐,$5.4813694,100 / 3000,27 hours, Real Iran Persian Account 1 to 4K Per Day Speed! Works on Private Account ! 30 Days Refill Guaranteed ! No Refill If Your Old Followers Dropped ! Min: 100 Max: 50K Max Per Order: 20K 1-6 Hours to start 
138,1787,✅ Instagram Followers [R10] [HQ] [Recommended] [Stable Service] [15K,$2.13408,50 / 15000,08 hours and 11 minutes, ✅Start 1-2hrs ✅Speed 5000 days ✅Have Avatars and Post ✅Real followers ✅REFILL 20 Days (DROP NO MORE 30%) ⚠️If the order is lower than startcoin refill will not be available 
139,1786,✅ Instagram Followers [R30] [HQ] [Recommended] [Stable Service] [75K] ,$2.3109086,15 / 75000,01 hours and 37 minutes, ✅Speed: 2-10K Per day ✅HQ Followers ✅Fast Start Time ✅[Stable Followers] ✅[Less Drop] 
140,1484,[Instagram Followers [250K] [R20] [6H - 5K/Day] ♻🔥],$5.28333,100 / 250000,22 hours and 32 minutes, 
141,1827,Private - 1 [do not buy],$2.366,10 / 15000,NOT ENOUGH DATA, Quick start. Wrapping speed: up to 3000 per day. There are living people. Exclusive Service - High quality subscribers. - Tasks are performed by living people visiting your profile. Natural wrapping! - Visits and other statistics come along with subscriptions! - Most subscribers from Russia. - Perhaps users will like and watch your stories. 
142,773,[Instagram Followers [15K] [R15] [6H - 1K/Day]],$4.71523,100 / 15000,85 hours and 16 minutes, 
143,1414,[Instagram Followers [200K] [R15] [1H - 3K/Day] ♻💧🔥,$4.20394,100 / 3000,460 hours and 15 minutes, 
144,1485,Instagram Followers [7K] [HQ] [R7] [3H - 3K/Day] ♻,$3.4086,200 / 5000,13 hours and 19 minutes, Start Time & Speed: 0-3 Hours & 3K/Day Quality: HQ Refill: refill for 7 days. 
145,1487,[Instagram Followers [100K] [R20] [6H - 5K/Day] ♻🔥],$4.5448,100 / 100000,35 hours and 55 minutes, 
146,1489,Instagram Followers [15K] [HQ] [R15] [6H - 5K/Day] ♻🔥,$4.82885,100 / 10000,69 hours and 48 minutes, 
147,1655,Instagram Followers (100K) {AR30} 5K/Day [ Non Drop - 30 Days Refill - S24,$8.74874,25 / 100000,25 hours and 07 minutes, 30 days refill 5k/Day No Drop even after two instagram updates 
148,1657,[Instagram Followers [50K] [AUTO Refill R30] [INSTANT 3K- 5K/Day] [Best Service] [ Recommended]],$6.07867,20 / 50000,08 hours and 42 minutes, Speed 20k-25k per day Auto refill Refill / cancel button enabled 30 days refill 
149,1658,Instagram Followers (5k/day  30 Days Refill   Auto Refill ) Non Drop [ recommended],$6.30591,50 / 5000,11 hours and 17 minutes, Speed 5k/Day Refill - 30 days Indian Majority Very Good Service 
150,1694,[Instagram Followers [20K] [HQ] [R30] [1H - 3K/Day]],$3.80627,50 / 20000,27 hours and 16 minutes, Start Time & Speed: 0-2 Hours & 3K -4K/Day Quality: HQ Refill: refill for 30 days. 
151,1721,Instagram Followers - [15k] REAL AND MIX,$2.3639824,15 / 15000,40 hours and 28 minutes, ✅Start 1-2hrs ✅Speed 5000 days ✅Have Avatars and Post ✅Real followers ✅REFILL 20 Days (DROP NO MORE 30%) ⚠️If the order is lower than startcoin refill will not be available 
152,1722,Instagram Followers - [45k]SUPER REAL,$3.5183486,15 / 45000,15 hours and 23 minutes, ✅Start 1-2min ✅Speed 2000-3000 days ✅Have Avatars and Post ✅Real followers only real ✅Refill 30 days(DROP NO MORE 10%) ⚠️If the order is lower than startcoin refill will not be available 
153,1785,✅ Instagram Followers [R45] [HQ] [Recommended] [Stable Service] [50K] ,$2.223,15 / 50000,04 hours and 58 minutes, ✅Speed: 2-10K Per day ✅HQ Followers ✅Fast Start Time ✅[Stable Followers] ✅[Less Drop] 
154,1803,Facebook - Fanpage Likes Mix ( Instant-6 Hours  Real Likes  Zero Drop  30 days guarantee ),$4.0365,100 / 99000,45 hours and 17 minutes, ✅Quality: Active & Real ✅Limit: Min 100 & max 99k ✅Speed: 1000-5000 per day ✅Start time: 1 min to 6 hours ✅Drop rate: 1%-6% ✅Guarantee: 30 days refill guarantee 
155,1804,Facebook HQ Page Likes+Followers No Refill ,$4.94,50 / 10000,33 hours and 20 minutes, ✔️ Quality: Real & HQ ✔️ Worldwide Real Likes and Followers ✔️ Start Time: 1-3 hours [Usually Instant] ✔️ Min-50 Max-10000 ✔️ Drop Rate: 5%-10% ✔️ Speed 500-1000/Day 
156,1818,✅ Facebook Post Likes ~ Max 5k ~ 𝗥30D ~ INSTANT,$1.1115,100 / 5000,13 hours and 59 minutes, 
157,1795,✔️ Facebook Post Reaction (❤️)  [Max-4K],$4.50528,100 / 4000,26 hours and 12 minutes, * Min-100 Max-4000 Speed: 1K-1.5K/Day. * Start: 0-5 Hours * Note: You Can Place Same Link Order Multiple Times After Completing Previous order. 
158,1796,✔️ Facebook Post Reaction (😯) [Max-4K],$4.50528,100 / 4000,34 hours and 09 minutes, * Min-100 Max-4000 Speed: 1K-1.5K/Day. * Start: 0-5 Hours * Note: You Can Place Same Link Order Multiple Times After Completing Previous order. 
159,1797,✔️ Facebook Post Reaction (😆) [Max-4K],$4.50528,100 / 4000,76 hours and 07 minutes, * Min-100 Max-4000 Speed: 1K-1.5K/Day. * Start: 0-5 Hours * Note: You Can Place Same Link Order Multiple Times After Completing Previous order. 
160,1798,✔️ Facebook Post Reaction (😢) [Max-4K],$4.50528,100 / 4000,NOT ENOUGH DATA, * Min-100 Max-4000 Speed: 1K-1.5K/Day. * Start: 0-5 Hours * Note: You Can Place Same Link Order Multiple Times After Completing Previous order. 
161,1799,✔️ Facebook Post Reaction (😠) [Max-4K],$4.50528,100 / 4000,NOT ENOUGH DATA, * Min-100 Max-4000 Speed: 1K-1.5K/Day. * Start: 0-5 Hours * Note: You Can Place Same Link Order Multiple Times After Completing Previous order. 
162,1800,✔️ Facebook Real HQ Post Likes [Max-9K] ,$3.91248,50 / 9000,235 hours and 55 minutes, * Min-50 Max-9000 Speed: 500-2000/Day. Guarantee: 30 Days Refill * Start Time: 0-3 Hours * Note: You Can Place Same Link Order Multiple Times After Completing Previous order. 
163,1801,✔️ Facebook Real HQ Post Likes [Max-4k] ,$1.89696,500 / 3500,93 hours and 28 minutes, * Min-100 Max-4000 Speed: 500-1000/Day. Guarantee: No Refill * Start Time: 0-3 Hours * Note: You Can Place Same Link Order Multiple Times After Completing Previous order. 
164,1289,Facebook ~ Page Likes ~ Worldwide ~ Speed 500- 1000 ~ No Drop,$25.688,1000 / 5000,NOT ENOUGH DATA, Facebook ~ Page Likes ~ Worldwide ~ Speed 500- 1000 ~ No Drop 
165,1587,Facebook Video Views [100-200K Per Day ] [ Exclusive ] [ Cheapest In Market ],$0.45448,200 / 1000000,20 hours and 37 minutes, Speed 500 - 2k / Day 30 days refill Instant - 24 hours start 
166,1623,Facebook - Video Views S1 ( Instant  full views  Monetized  50k/Day  10 Million MAX ),$0.0936,100 / 1000000,94 hours and 32 minutes, Instant full views Monetized 50k/Day 10 Million MAX 
167,1625,Facebook - Video Views S5 ( Instant  10k-50k/Day  10 Million MAX ),$0.0702,100 / 1000000,53 hours and 19 minutes, 
168,1711,Facebook Video Views [10M] [1H - 500K/Day],$0.0995904,500 / 100000000,45 hours and 48 minutes, Facebook Video Views [10M] [1H - 500K/Day] 
169,1714,Facebook Live Stream Views [1K] [300,$142.272,50 / 1000,NOT ENOUGH DATA, Facebook Live Stream Views [1K] [300 
170,1715,Facebook Monetizable Video Views [1M] [1,$0.806208,10000 / 10000000,NOT ENOUGH DATA, Facebook Monetizable Video Views [1M] [1 
171,1716,Facebook Monetizable Video Views [1M] [2' / 30'] ⚡️💧⭐,$1.280448,10000 / 10000000,NOT ENOUGH DATA, Facebook Monetizable Video Views [1M] [2' / 30'] ⚡️💧⭐ 
172,1717,Facebook Video Views [10M] [1H - 10K/Day] [40seconds+],$0.1280448,1000 / 100000000,NOT ENOUGH DATA, Facebook Video Views [10M] [1H - 10K/Day] [40seconds+] 
173,1718,Facebook Video Views [10M] [1H - 10K/Day] [60seconds+],$0.1707264,1000 / 10000000,NOT ENOUGH DATA, Facebook Video Views [10M] [1H - 10K/Day] [60seconds+] 
174,1719,Facebook Video Views [10M] [1H - 10K/Day] [FULL VIDEO + MONETIZED],$0.284544,100 / 10000000,25 hours and 16 minutes, Facebook Video Views [10M] [1H - 10K/Day] [FULL VIDEO + MONETIZED] 
175,1831,Website Traffic From Youtube [10] [WW] [12H - 50K/Day],$0.26676,500 / 1000000,01 hours and 22 minutes, 
176,534,Website Traffic [10M] [WW] ⚡️💧⭐,$0.136344,500 / 250000,04 hours and 19 minutes, Start Time: Instant - 12 hours Speed: Up to 50K/ day Specs: 100% Real & Unique Traffic Desktop Traffic - Direct Visits Google Analytics Supported You can use bit.ly to track results No Adult Drugs or other harmful websites allowed 
177,535,Website Traffic [10M] ⚡️💧⭐,$0.7016152,1000 / 1000000,NOT ENOUGH DATA, Website Traffic [10M] ⚡️💧⭐ 
178,536,Website Traffic From Facebook [10M] [WW] ⚡️💧,$0.3157271,500 / 250000,01 hours and 15 minutes, 12H - 50k/Day 
179,537,Website Traffic From Twitter [10M] [WW] ⚡️💧,$0.3157271,500 / 250000,02 hours and 58 minutes, Website Traffic From Twitter [10M] [WW] ⚡️💧 
180,1635,Website Traffic From Google [1M] [WW] [12H - 50K/Day],$0.2454192,500 / 1000000,02 hours and 47 minutes, Start Time: Instant - 12 hours Speed: Up to 50K/ day Specs: 100% Real & Unique Traffic Desktop Traffic - Direct Visits Google Analytics Supported You can use bit.ly to track results No Adult Drugs or other harmful websites allowed Link Format: Full Website URL 
181,558,Website Traffic [10M] [USA] ⚡️💧,$0.5262114,1000 / 100000,14 hours and 24 minutes, Website Traffic [10M] [USA] ⚡️💧 
182,560,Website Traffic [10M] [UAE] ⚡️💧,$0.5262114,1000 / 100000,61 hours, Website Traffic [10M] [UAE] ⚡️💧 
183,519,Linkedin Followers [5K] ⚡️💧⭐,$13.1552876,100 / 5000,266 hours and 56 minutes, Linkedin Followers [5K] ⚡️💧⭐ 
184,1650,LinkedIn Profiles Followers USA [💎Real Max-300] Lifetime Guarantee,$5.96505,100 / 300,1110 hours and 01 minutes, 
185,1651,LinkedIn Company Page Followers Worldwide (Max-1000M) Lifetime Guarantee,$6.8172,100 / 1000000,338 hours and 04 minutes, 
186,1652,LinkedIn Followers [500k] [R60] [24H-300/D],$6.8172,100 / 5000000,NOT ENOUGH DATA, 
187,1653,LinkedIn Post Like USA (Max=300 )Lifetime Guarantee,$27.2688,25 / 300,960 hours and 42 minutes, 
188,1817,Telegram Channel Members ~  Max 50k ~ INSTANT,$0.7657,100 / 20000,05 hours and 06 minutes, High Quality Start: Instant to 1 Hrs Speed: 5k-8k Per day Guaranteed: No Guarantee Refill: No Refill 
189,1659,Telegram Public Channel Members [2K] [1H - 2K/Day],$1.02258,100 / 2000,05 hours and 34 minutes, Start Time: Instant - 1 hours Speed: 24-48 Hours Delivery Refill: no Specs: Only For Channels 
190,1660,Telegram Public Group Members [2K] [1H - 2K/Day],$1.02258,100 / 2000,04 hours and 12 minutes, Start Time: Instant - 1 hour Speed: Up to 10K/ day Refill: No refill / No refund Specs: For Public Groups Only ! 
191,1661,Telegram Public Channel Members [REAL] [150K] [INSTANT - 70K/Day],$1.499784,1000 / 6000,47 minutes, Delivery: Super high Speed - Almost instant Real Account so have Drops !!!!!!! 70K Per Day Speed! Min 1K- Max 150K Condition: its not apply on Porn Bet Finishing and New and Empty channel Only For Public Channels Example link: https://t.me/Your_Channel_ID 
192,1662,Telegram Post Views [200K] [Last 1] [1H - 200K/Day],$0.034086,100 / 200000,01 hours and 16 minutes, Start Time: Instant - 1 hour Speed: 10K to 20K/ day Refill: no Specs: Latest Post Send Post Link Or channel id Example Link: https://t.me/link_example/994 
193,1663,Telegram Post Views [150K] [Last 5] [1H - 150K/Day],$0.17043,100 / 150000,03 hours and 15 minutes, Start Time: Instant - 1 hours Speed: 24 hours delivery Refill: No refill / No refund Specs: Views Will Be Added To Your Last 5 Posts - Real 
194,1626,Advance Version,$105.3,1000 / 3000,NOT ENOUGH DATA, 1000 Quantity = 1 Smm script. Write 1000 in order quantity if you want a single license. ~Advance SMM Panel Script. ~With Added features. ~Lifetime License. ~Unlimited Orders ~Auto Sync Feature ~Easy Log Delete Feature ~Exclusive Pro theme added ~Bulk delete service added (Save lots of time) ~ Custom price for every user. ~ Add commission up to 1000% ~ Multiple Payment options. ~ Advance admin settings. ~ News management ~ and much more Note: For demo contact us via WhatsApp 
195,1638,Twitter Video Views [10M] [R30] [INSTANT - 10M/Day] 💧,$0.28405,100 / 10000000,04 hours and 20 minutes, ►High Quality Views ►Start Time 0-5 minute [ Instant ] ►Non Drop 
196,1639,Twitter Impression [10M] [R30] [INSTANT - 10M/Day] 💧,$0.28405,100 / 10000000,06 minutes, ►High Quality Views ►Start Time 0-5 minute [ Instant ] ►Non Drop 
197,1640,Twitter Profile Click [10M] [R30] [INSTANT - 10M/Day] 💧,$0.28405,100 / 10000000,NOT ENOUGH DATA, ►High Quality Views ►Start Time 0-5 minute [ Instant ] ►Non Drop 
198,1641,Twitter Hashtag Click [10M] [R30] [INSTANT - 10M/Day] 💧,$0.28405,100 / 10000000,NOT ENOUGH DATA, ►High Quality Views ►Start Time 0-5 minute [ Instant ] ►Non Drop 
199,1642,Twitter Link Click [10M] [R30] [INSTANT - 10M/Day] 💧,$0.28405,100 / 10000000,NOT ENOUGH DATA, ►High Quality Views ►Start Time 0-5 minute [ Instant ] ►Non Drop 
200,1643,Twitter Views [1M] [1H - 100K/Day] 💧,$0.5681,100 / 1000000,NOT ENOUGH DATA, Start Time: Instant - 1 hours Speed: 10K-100K/ day Refill: 30 days maximum 
201,1644,Twitter Impressions [1M] [1H - 100K/Day] 💧,$1.1362,100 / 1000000,NOT ENOUGH DATA, Start Time: Instant - 1 hours Speed: 10K-100K/ day Refill: 30 days maximum 
202,1645,Twitter Live Video Views [2K] [15,$6.8172,20 / 2000,NOT ENOUGH DATA, Start Time: Instant Speed: 15 min watch time Refill: no Specs: Real 
203,1646,Twitter Comments [100] [USA] [SUPER QUALITY] ⚡️ 💧,$36.81288,10 / 100,106 hours and 16 minutes, SUPER QUALITY USA Accounts ! No Refill / No Refund 0-1 Hour Start! Fast Delivery Minimum 10 HQ Accounts ! 
204,1648,Twitter Followers [30 Days Refill ] [ Non Drop ] [1K-3k/day],$11.24838,50 / 4000,23 hours and 43 minutes, Non Drop 30 days refill Speed 1k-3k per day 
205,1710,Twitter Followers [4K] [R30] [REAL] [12H - 1K/Day],$11.58924,50 / 4000,24 hours and 18 minutes, 
206,1775,"Amazon Prime Video 1 Month ""3 Device login only""",$455,1000 / 1000,7509 hours and 01 minutes," ""only for 3 device only"". For OTP Goto www.byom.de site and enter provided email there but without @byom.de and get otp "
207,1776,▶️ Netflix Premium (1 Month),$4550,1000 / 1000,5712 hours and 13 minutes, *Strictly Follow these instructions before logging in :-* 👉*For Android* -> Clear the old netflix Data from your phone settings then Uninstall the app then Restart your Phone then install the netflix app. -> Then Enter the Login details. 👉*For iOS* -> uninstall App and clear safari history -> restart iphone -> install App again 👉*PC* -> Clear Cache + History -> Close Browser -> Open Browser and use incognito window if possible. 👉*TV/Streaming Device* -> Reinstall Netflix App then login *Don't change email I'd otherwise warranty will not be provided* *No Refund/Replacement in following case* 👉 Logged in more than 4 screen 👉Email changed by customer 
208,1825,👅 Brazzers Account - 1 Year Subscription,$3250,1 / 1,NOT ENOUGH DATA, Order Delivery within 24 hours 
209,1826,👅 PornHub Account - 1 Year Subscription,$3900,1 / 1,NOT ENOUGH DATA, Order delivery within 24 hours. 
210,565,Pinterest Followers [500K] ⚡️,$2.9233971,50 / 500000,NOT ENOUGH DATA, Pinterest Followers [500K] ⚡️ 
211,567,Pinterest Followers [BOARD] [500K] ⚡️,$2.9233971,50 / 50000,NOT ENOUGH DATA, Pinterest Followers [BOARD] [500K] ⚡️ 
212,569,Pinterest Followers [10M] ⚡️,$3.6542467,20 / 10000000,NOT ENOUGH DATA, Pinterest Followers [10M] ⚡️ 
213,571,Pinterest Followers [BOARD] [10M] ⚡️,$3.6542467,20 / 10000000,NOT ENOUGH DATA, Pinterest Followers [BOARD] [10M] ⚡️ 
214,573,Pinterest RePins [10M] 💧⚡️,$3.6542467,20 / 10000000,04 hours and 27 minutes, Pinterest RePins [10M] 💧⚡️ 
