ID,Site,Product,Price/1000,Min,Max,Active,Real,Bot,No Drip,Drip,Non-drip,No Drop,Drop,Non-drop,Random,Custom,No Refill,Refill,Non-refill,Female,Male,Power,HQ,LQ,No Guarantee,Guarantee,Refund,No refund,Non-refund,Slow,Fast,Instant,Day,Hour,Bundle,Geo,From,Service
344,Instagram,like,3.4,50,1000,False,True,False,False,False,False,False,False,False,False,False,False,False,False,False,False,False,False,False,False,True,False,False,False,False,False,False,False,False,False,Unspecified,Unspecified,Instagram Likes [MIX Real accounts]  - Update 03/2020
355,Instagram,like,1.1,20,5000,False,False,False,False,False,False,False,False,False,False,False,False,False,False,False,False,False,False,False,False,True,False,False,False,False,False,False,False,False,False,Unspecified,Unspecified,Instagram Likes [EU accounts] - Update 03/2020
368,Instagram,follower,5.8,40,20000,False,False,False,False,False,False,False,True,False,False,False,False,False,False,False,False,False,False,False,False,False,False,False,False,False,False,False,False,False,False,Unspecified,Unspecified,Instagram Followers New [10k] - Perfect Quality - Update 03/2020
346,Instagram,follower,6.5,50,1000,False,False,False,False,False,False,False,False,False,False,False,False,False,False,False,False,False,False,False,False,True,False,False,False,True,False,False,True,False,False,Unspecified,Unspecified,Instagram Followers [SLOW  quality*****]
354,Instagram,follower,6.8,100,40000,False,False,False,False,False,False,False,False,False,False,False,False,True,False,False,False,False,False,False,False,True,False,False,False,False,False,True,True,False,False,Unspecified,Unspecified,NEW - Instagram Followers [Refill 15] 20K quality ****
365,Instagram,story view,0.6,100,30000,False,False,False,False,False,False,False,False,False,False,False,True,True,False,False,False,False,False,False,False,False,True,True,False,False,False,True,True,True,False,Unspecified,Unspecified,Instagram Story Views [30K] [INSTANT - 30K/Day]
256,Instagram,view,0.3,100,55000,False,False,False,False,False,False,False,False,False,False,False,False,False,False,False,False,False,False,False,False,False,False,False,False,False,False,True,True,False,False,Japan,Unspecified,Instagram Views - JAPAN
257,Instagram,view,0.3,100,65000,False,False,False,False,False,False,False,False,False,False,False,False,False,False,False,False,False,False,False,False,False,False,False,False,False,False,True,True,False,False,Unspecified,Unspecified,Instagram Views - DUBAI
243,Instagram,view,0.1,100,500000,False,False,False,False,False,False,False,False,False,False,False,False,False,False,False,False,False,False,False,False,False,False,False,False,False,False,True,False,False,False,Unspecified,Unspecified,Instagram Views - Quality ★★★★★
245,Instagram,view,0.2,20,5000000,False,False,False,False,False,False,False,False,False,True,False,False,False,False,False,False,False,False,False,False,False,False,False,False,False,False,True,False,True,True,Unspecified,Unspecified,Instagram Views + Impressions + Profile Visits
248,Instagram,view,0.15,100,1000000,False,False,False,False,False,False,False,False,False,False,False,False,False,False,False,False,False,False,False,False,False,False,False,False,False,False,True,True,False,True,Unspecified,Unspecified,Instagram Views + Impressions - TRENDING HITS
249,Instagram,view,0.1,100,3000000,False,False,False,False,False,False,False,False,False,False,False,False,False,False,False,False,False,False,False,False,False,False,False,False,False,False,True,True,False,False,Unspecified,Unspecified,Instagram Views - EXCLUSIVE
244,Instagram,view,0.05,100,5000000,False,False,False,False,False,False,False,False,False,False,False,False,False,False,False,False,False,False,False,False,False,False,False,False,False,False,True,False,False,True,Unspecified,Unspecified,Instagram Views + Impressions
247,Instagram,view,0.1,100,1000000,False,False,False,False,False,False,False,False,False,False,False,False,False,False,False,False,False,False,False,False,False,False,False,False,False,True,False,False,False,True,Unspecified,Unspecified,Instagram Views + Impressions [FAST] [1M] ⚡️💧🔥
250,Instagram,view,0.1,100,1000000,False,False,False,False,False,False,False,False,False,False,False,False,False,False,False,False,False,False,False,False,False,False,False,False,False,False,True,False,True,True,Unspecified,Unspecified,Instagram Views + Impressions - 300K-500K/Hour
252,Instagram,view,0.2,100,80000,False,False,False,False,False,False,False,False,False,False,False,False,False,False,False,False,False,False,False,False,False,False,False,False,False,False,True,True,False,False,Arab,Unspecified,Instagram Views - ARAB
253,Instagram,view,0.3,100,55000,False,False,False,False,False,False,False,False,False,False,False,False,False,False,False,False,False,False,False,False,False,False,False,False,False,False,True,True,False,False,USA,Unspecified,Instagram View - USA
254,Instagram,view,0.3,100,55000,False,False,False,False,False,False,False,False,False,False,False,False,False,False,False,False,False,False,False,False,False,False,False,False,False,False,True,True,False,False,France,Unspecified,Instagram Views - FRANCE
255,Instagram,view,0.3,100,55000,False,False,False,False,False,False,False,False,False,False,False,False,False,False,False,False,False,False,False,False,False,False,False,False,False,False,True,True,False,False,UK,Unspecified,Instagram Views - UK
300,IGTV,comment,1.6,10,1000000,False,False,False,False,False,False,False,False,False,True,False,False,False,False,False,False,False,False,False,False,False,False,False,False,False,False,True,False,False,False,Unspecified,Unspecified,IGTV Random Comments - Quality ★★★★★
276,Instagram,saves,0.05,100,50000,False,False,False,False,False,False,False,False,False,False,False,False,False,False,False,False,False,False,False,False,False,False,False,False,False,False,False,False,False,False,Unspecified,Unspecified,Instagram Saves - Exclusive
278,Instagram,impression,0.1,100,250000,False,False,False,False,False,False,False,False,False,True,False,False,False,False,False,False,False,False,False,False,False,False,False,False,False,False,True,False,False,True,Unspecified,Unspecified,Instagram Impressions + Profile Visits
279,Instagram,impression,0.1,100,1000000,False,False,False,False,False,False,False,False,False,False,False,False,False,False,False,False,False,False,False,False,False,False,False,False,False,False,True,False,False,False,Unspecified,Unspecified,Instagram Impressions
285,Instagram,saves,0.2,1,5000,False,False,False,False,False,False,False,False,False,False,False,False,False,False,False,False,False,False,False,False,False,False,False,False,False,False,True,False,False,False,Unspecified,Unspecified,Instagram Saves [5K]
301,IGTV,comment,0.75,10,1000000,False,False,False,False,False,False,False,False,False,True,False,False,False,False,False,False,False,False,False,False,False,False,False,False,False,False,True,False,False,False,Unspecified,Unspecified,IGTV Random Emoji Comments
302,IGTV,comment,3.25,100,100000,False,False,False,False,False,False,False,False,False,False,False,False,False,False,False,False,False,False,False,False,False,False,False,False,False,False,True,False,False,False,Unspecified,Unspecified,IGTV Comments
359,YouTube,like,16.05,10,2000,False,False,False,False,False,False,False,False,False,False,False,False,False,False,False,False,False,False,False,False,False,False,False,False,False,False,False,True,False,False,Unspecified,Unspecified,YouTube likes (max 2к  100-200 per day) NEW
358,YouTube,subscriber,14.25,10,5000,False,False,False,False,False,False,False,False,False,False,False,False,False,False,False,False,False,False,False,False,False,False,False,False,False,False,False,True,False,False,Unspecified,Unspecified,Youtube subscribers (max 5к   100 per day) NEW
4,YouTube,subscriber,25.2,20,1500,False,False,False,False,False,False,False,True,False,False,False,False,True,False,False,False,False,False,False,False,True,False,False,False,True,False,False,True,False,False,Unspecified,Unspecified,Youtube Subscribers - SLOW & Non Drop
32,YouTube,like,29.4,50,10000,False,False,False,False,False,False,False,True,False,False,False,False,True,False,False,False,False,False,False,False,True,False,False,False,True,False,False,True,False,False,Unspecified,Unspecified,Youtube Likes - SLOW & Non Drop
364,YouTube,view,2.2,500,10000000,False,False,False,False,False,False,False,False,False,False,False,False,False,False,False,False,False,False,False,False,False,False,False,False,False,True,True,False,False,False,Unspecified,Unspecified,Youtube Views [10M] [300SEC - FAST SPEED - Instant]
193,YouTube,view,1.45,500,50000000,False,False,False,False,False,False,False,False,False,True,False,False,True,False,False,False,False,False,False,False,True,False,False,False,False,False,False,True,True,False,Unspecified,Unspecified,Youtube Views - Refill 30 Days
197,YouTube,view,2.2,500,1000000,False,False,False,False,False,False,False,False,False,True,False,False,True,False,False,False,False,False,False,False,True,False,False,False,False,False,False,True,True,False,Unspecified,Unspecified,Youtube Views
5,Twitter,follower,5.75,100,30000,False,False,False,False,False,False,False,True,False,False,False,False,True,False,False,False,False,False,False,False,True,False,False,False,False,False,True,True,False,False,Unspecified,Unspecified,Twitter Followers
6,Twitter,like,8.05,10,30000,False,False,False,False,False,False,False,True,False,False,False,False,True,False,False,False,False,False,False,False,True,False,False,False,False,False,True,True,False,False,Unspecified,Unspecified,Twitter Likes / Favorites
7,Twitter,retweet,8.05,10,30000,False,False,False,False,False,False,False,True,False,False,False,False,True,False,False,False,False,False,False,False,True,False,False,False,False,False,True,True,False,False,Unspecified,Unspecified,Twitter Retweets
153,SoundCloud,play,0.05,50000,10000000,False,False,False,False,False,False,False,False,False,False,False,False,False,False,False,False,False,False,False,False,False,False,False,False,False,True,False,True,True,False,Unspecified,Unspecified,SoundCloud Fast Plays
154,SoundCloud,play,0.05,5000,10000000,False,False,False,False,False,False,False,False,False,False,False,False,False,False,False,False,False,False,False,False,False,False,False,False,False,False,False,True,True,False,Unspecified,Unspecified,SoundCloud Plays
155,SoundCloud,play,0.05,100,1500000,False,False,False,False,False,False,False,False,False,False,False,False,False,False,False,False,False,False,False,False,False,False,False,False,False,False,True,True,False,False,Unspecified,Unspecified,SoundCloud Plays
156,SoundCloud,play,0.1,10000,10000000,False,False,False,False,False,False,False,False,False,False,False,False,False,False,False,False,False,False,False,False,False,False,False,False,False,False,False,True,True,False,USA,Unspecified,SoundCloud USA Plays
157,SoundCloud,play,0.15,20,10000000,False,False,False,False,False,False,False,False,False,False,False,False,False,False,False,False,False,False,False,False,False,False,False,False,False,False,True,True,False,False,Unspecified,Unspecified,SoundCloud Plays - Instant
158,SoundCloud,download,0.1,1000,10000000,False,False,False,False,False,False,False,False,False,False,False,False,False,False,False,False,False,False,False,False,False,False,False,False,False,False,False,True,True,False,Unspecified,Unspecified,SoundCloud Downloads
159,SoundCloud,download,0.2,100,1500000,False,False,False,False,False,False,False,False,False,False,False,False,False,False,False,False,False,False,False,False,False,False,False,False,False,True,False,True,True,False,Unspecified,Unspecified,SoundCloud Downloads - Faster
160,SoundCloud,like,1.7,20,1000000,False,False,False,False,False,False,False,False,False,False,False,False,False,False,False,False,False,False,False,False,False,False,False,False,False,False,False,True,True,False,Unspecified,Unspecified,SoundCloud Likes
161,SoundCloud,follower,1.3,100,50000,False,False,False,False,False,False,False,False,False,False,False,False,True,False,False,False,False,False,False,False,True,False,False,False,False,False,False,True,True,False,USA,Unspecified,SoundCloud USA Followers
162,SoundCloud,follower,2.1,100,50000,False,False,False,False,False,False,False,False,False,False,False,False,True,False,False,False,False,False,False,False,True,False,False,False,False,False,False,True,True,False,Unspecified,Unspecified,SoundCloud Followers
163,SoundCloud,repost,1.3,100,50000,False,False,False,False,False,False,False,False,False,False,False,False,True,False,False,False,False,False,False,False,True,False,False,False,False,False,False,True,True,False,USA,Unspecified,SoundCloud USA Reposts
164,SoundCloud,repost,3.9,20,10000,False,False,False,False,False,False,False,False,False,False,False,False,False,False,False,False,False,False,False,False,False,False,False,False,False,False,False,True,True,False,Unspecified,Unspecified,SoundCloud Reposts - Quality ★★★
165,SoundCloud,repost,7.8,20,5000,False,False,False,False,False,False,False,False,False,False,False,False,False,False,False,False,False,False,False,False,False,False,False,False,False,False,False,False,True,False,Unspecified,Unspecified,SoundCloud Reposts - Quality ★★★★
166,SoundCloud,repost,14.3,20,1000000,False,False,False,False,False,False,False,False,False,False,False,False,False,False,False,False,False,False,False,False,False,False,False,False,False,False,False,True,True,False,Unspecified,Unspecified,SoundCloud Reposts -  Quality ★★★★★
167,SoundCloud,comment,11.7,20,1000000,False,False,False,False,False,False,False,False,False,False,False,False,False,False,False,False,False,False,False,False,False,False,False,False,False,False,False,True,True,False,Unspecified,Unspecified,SoundCloud Comments
102,Spotify,play,3.9,5000,1000000,False,False,False,False,False,False,False,False,False,False,True,False,True,False,False,False,False,False,False,False,True,False,False,False,False,False,False,True,True,False,Unspecified,Unspecified,Spotify Custom Playlist Plays
103,Spotify,stream,6.5,5000,10000000,False,False,False,False,False,False,False,False,False,False,False,False,True,False,False,False,False,False,False,False,True,False,False,False,False,False,False,True,True,False,Unspecified,Unspecified,Spotify Plays/Streams - Multiples of 1 000
56,Vimeo,like,19.5,100,25000,False,False,False,False,False,False,False,False,False,False,False,False,True,False,False,False,False,False,False,False,True,False,False,False,False,False,False,False,True,False,Unspecified,Unspecified,Vimeo Like
57,Vimeo,follower,19.5,100,25000,False,False,False,False,False,False,False,False,False,False,False,False,True,False,False,False,False,False,False,False,True,False,False,False,False,False,False,False,True,False,Unspecified,Unspecified,Vimeo Follower
